4.8584 9.9989
4.85628 10

4.8584 9.9989
4.86328 9.99632

4.86816 9.99379
4.86553 9.99512

4.86328 9.99632
4.86553 9.99512

4.86816 9.99379
4.87305 9.99129

4.87793 9.98884
4.87508 9.99023

4.87793 9.98884
4.88281 9.98642

4.87305 9.99129
4.87508 9.99023

4.89746 9.97938
4.8951 9.98047

4.89746 9.97938
4.90234 9.97711

4.8877 9.98405
4.88494 9.98535

4.88281 9.98642
4.88494 9.98535

4.8877 9.98405
4.89258 9.9817

4.89258 9.9817
4.8951 9.98047

4.90723 9.97484
4.90556 9.97559

4.90234 9.97711
4.90556 9.97559

4.90723 9.97484
4.91211 9.97263

4.91699 9.9704
4.9163 9.9707

4.91699 9.9704
4.92188 9.96827

4.91211 9.97263
4.9163 9.9707

4.94141 9.9598
4.93867 9.96094

4.94141 9.9598
4.94629 9.95776

4.95117 9.95569
4.95027 9.95605

4.94629 9.95776
4.95027 9.95605

4.95117 9.95569
4.95605 9.95371

4.95605 9.95371
4.96094 9.95168

4.92188 9.96827
4.92676 9.96608

4.93164 9.96399
4.92733 9.96582

4.92676 9.96608
4.92733 9.96582

4.93164 9.96399
4.93652 9.96188

4.93652 9.96188
4.93867 9.96094

4.96582 9.94973
4.96217 9.95117

4.96582 9.94973
4.9707 9.94777

4.96094 9.95168
4.96217 9.95117

4.97559 9.94581
4.97434 9.94629

4.9707 9.94777
4.97434 9.94629

4.97559 9.94581
4.98047 9.94391

4.99023 9.94011
4.98679 9.94141

4.99023 9.94011
4.99512 9.93824

5 9.93634
4.99951 9.93652

4.99512 9.93824
4.99951 9.93652

4.98047 9.94391
4.98535 9.94198

4.98535 9.94198
4.98679 9.94141

5.04395 9.92027
5.03933 9.92188

5.04395 9.92027
5.04883 9.91854

5.05371 9.9168
5.05314 9.91699

5.04883 9.91854
5.05314 9.91699

5.05371 9.9168
5.05859 9.91513

5.06836 9.91173
5.06723 9.91211

5.05859 9.91513
5.06348 9.91343

5.06348 9.91343
5.06723 9.91211

5.06836 9.91173
5.07324 9.91009

5.07324 9.91009
5.07812 9.90842

5 9.93634
5.00488 9.93454

5.00488 9.93454
5.00977 9.93269

5.01465 9.93087
5.01252 9.93164

5.01465 9.93087
5.01953 9.92909

5.00977 9.93269
5.01252 9.93164

5.01953 9.92909
5.02441 9.92727

5.0293 9.92552
5.02579 9.92676

5.02441 9.92727
5.02579 9.92676

5.0293 9.92552
5.03418 9.92376

5.03418 9.92376
5.03906 9.92197

5.03906 9.92197
5.03933 9.92188

5.09766 9.90186
5.09618 9.90234

5.08301 9.90675
5.08157 9.90723

5.07812 9.90842
5.08157 9.90723

5.08301 9.90675
5.08789 9.90514

5.08789 9.90514
5.09277 9.9035

5.09277 9.9035
5.09618 9.90234

5.09766 9.90186
5.10254 9.90028

5.10254 9.90028
5.10742 9.89867

5.1123 9.89706
5.11104 9.89746

5.10742 9.89867
5.11104 9.89746

5.1123 9.89706
5.11719 9.89551

5.12695 9.89233
5.12615 9.89258

5.11719 9.89551
5.12207 9.89392

5.12207 9.89392
5.12615 9.89258

5.12695 9.89233
5.13184 9.8908

5.13184 9.8908
5.13672 9.88925

5.1416 9.88767
5.14152 9.8877

5.13672 9.88925
5.14152 9.8877

5.1416 9.88767
5.14648 9.88618

5.14648 9.88618
5.15137 9.88465

5.15137 9.88465
5.15625 9.8831

5.29297 9.84317
5.29081 9.84375

5.29297 9.84317
5.29785 9.84185

5.29785 9.84185
5.30273 9.84051

5.30273 9.84051
5.30762 9.83913

5.3125 9.83782
5.30854 9.83887

5.30762 9.83913
5.30854 9.83887

5.16113 9.88161
5.15715 9.88281

5.16113 9.88161
5.16602 9.88012

5.16602 9.88012
5.1709 9.8786

5.17578 9.87711
5.17303 9.87793

5.1709 9.8786
5.17303 9.87793

5.17578 9.87711
5.18066 9.87565

5.18066 9.87565
5.18555 9.87416

5.19043 9.87267
5.18914 9.87305

5.19043 9.87267
5.19531 9.87124

5.18555 9.87416
5.18914 9.87305

5.15625 9.8831
5.15715 9.88281

5.19531 9.87124
5.2002 9.86978

5.2002 9.86978
5.20508 9.86829

5.20996 9.86688
5.20549 9.86816

5.20508 9.86829
5.20549 9.86816

5.20996 9.86688
5.21484 9.86545

5.22461 9.86257
5.2221 9.86328

5.22461 9.86257
5.22949 9.86117

5.22949 9.86117
5.23438 9.85975

5.21484 9.86545
5.21973 9.86399

5.21973 9.86399
5.2221 9.86328

5.1709 9.99903
5.16858 10

5.1709 9.99903
5.17578 9.997

5.18066 9.99502
5.18044 9.99512

5.17578 9.997
5.18044 9.99512

5.18066 9.99502
5.18555 9.99295

5.19531 9.98887
5.19215 9.99023

5.18555 9.99295
5.19043 9.99094

5.19043 9.99094
5.19215 9.99023

5.19531 9.98887
5.2002 9.98682

5.20508 9.98478
5.20376 9.98535

5.2002 9.98682
5.20376 9.98535

5.20508 9.98478
5.20996 9.98268

5.20996 9.98268
5.21484 9.98064

5.21973 9.97852
5.21527 9.98047

5.21973 9.97852
5.22461 9.97644

5.22949 9.97433
5.22666 9.97559

5.22461 9.97644
5.22666 9.97559

5.22949 9.97433
5.23438 9.97222

5.21484 9.98064
5.21527 9.98047

5.23926 9.8583
5.23891 9.8584

5.23438 9.85975
5.23891 9.8584

5.23926 9.8583
5.24414 9.85694

5.24414 9.85694
5.24902 9.85555

5.24902 9.85555
5.25391 9.85413

5.25879 9.85274
5.25599 9.85352

5.25879 9.85274
5.26367 9.85139

5.25391 9.85413
5.25599 9.85352

5.26367 9.85139
5.26855 9.85

5.27344 9.84858
5.27326 9.84863

5.26855 9.85
5.27326 9.84863

5.27344 9.84858
5.27832 9.84726

5.27832 9.84726
5.2832 9.84591

5.2832 9.84591
5.28809 9.84453

5.28809 9.84453
5.29081 9.84375

5.26367 9.95942
5.26033 9.96094

5.26367 9.95942
5.26855 9.95727

5.27344 9.95512
5.27138 9.95605

5.26855 9.95727
5.27138 9.95605

5.23926 9.97013
5.23797 9.9707

5.23926 9.97013
5.24414 9.96798

5.23438 9.97222
5.23797 9.9707

5.24414 9.96798
5.24902 9.9659

5.25391 9.96371
5.2492 9.96582

5.24902 9.9659
5.2492 9.96582

5.25391 9.96371
5.25879 9.9616

5.25879 9.9616
5.26033 9.96094

5.2832 9.95079
5.28237 9.95117

5.27344 9.95512
5.27832 9.95293

5.27832 9.95293
5.28237 9.95117

5.2832 9.95079
5.28809 9.94857

5.28809 9.94857
5.29297 9.94643

5.30762 9.93978
5.30413 9.94141

5.30762 9.93978
5.3125 9.93758

5.29785 9.94418
5.29329 9.94629

5.29297 9.94643
5.29329 9.94629

5.29785 9.94418
5.30273 9.94202

5.30273 9.94202
5.30413 9.94141

5.3125 9.83782
5.31738 9.83651

5.31738 9.83651
5.32227 9.83517

5.32715 9.83382
5.32651 9.83398

5.32715 9.83382
5.33203 9.83254

5.32227 9.83517
5.32651 9.83398

5.33203 9.83254
5.33691 9.83124

5.33691 9.83124
5.3418 9.82991

5.34668 9.82859
5.34472 9.8291

5.3418 9.82991
5.34472 9.8291

5.34668 9.82859
5.35156 9.82733

5.36621 9.82344
5.36313 9.82422

5.36621 9.82344
5.37109 9.82218

5.35156 9.82733
5.35645 9.82604

5.35645 9.82604
5.36133 9.82471

5.36133 9.82471
5.36313 9.82422

5.37109 9.82218
5.37598 9.8209

5.37598 9.8209
5.38086 9.81958

5.38574 9.81834
5.38176 9.81934

5.38086 9.81958
5.38176 9.81934

5.38574 9.81834
5.39062 9.8171

5.39062 9.8171
5.39551 9.81582

5.39551 9.81582
5.40039 9.81451

5.40527 9.8133
5.40061 9.81445

5.40527 9.8133
5.41016 9.81208

5.40039 9.81451
5.40061 9.81445

5.41016 9.81208
5.41504 9.81081

5.41992 9.80951
5.41969 9.80957

5.41504 9.81081
5.41969 9.80957

5.41992 9.80951
5.4248 9.80833

5.4248 9.80833
5.42969 9.80711

5.43945 9.80458
5.43902 9.80469

5.43945 9.80458
5.44434 9.80341

5.44434 9.80341
5.44922 9.80221

5.44922 9.80221
5.4541 9.80097

5.45898 9.7997
5.45856 9.7998

5.4541 9.80097
5.45856 9.7998

5.45898 9.7997
5.46387 9.79855

5.46387 9.79855
5.46875 9.79737

5.42969 9.80711
5.43457 9.80586

5.43457 9.80586
5.43902 9.80469

5.35156 9.91966
5.3469 9.92188

5.35156 9.91966
5.35645 9.91744

5.36133 9.91513
5.35743 9.91699

5.35645 9.91744
5.35743 9.91699

5.37109 9.91058
5.36792 9.91211

5.36133 9.91513
5.36621 9.91288

5.36621 9.91288
5.36792 9.91211

5.39062 9.90143
5.38876 9.90234

5.37109 9.91058
5.37598 9.90831

5.38086 9.90601
5.37836 9.90723

5.37598 9.90831
5.37836 9.90723

5.38086 9.90601
5.38574 9.90372

5.38574 9.90372
5.38876 9.90234

5.31738 9.93536
5.3149 9.93652

5.3125 9.93758
5.3149 9.93652

5.31738 9.93536
5.32227 9.93313

5.32715 9.93092
5.32562 9.93164

5.32715 9.93092
5.33203 9.92866

5.32227 9.93313
5.32562 9.93164

5.33691 9.92646
5.33629 9.92676

5.33203 9.92866
5.33629 9.92676

5.33691 9.92646
5.3418 9.92417

5.3418 9.92417
5.34668 9.92197

5.34668 9.92197
5.3469 9.92188

5.39062 9.90143
5.39551 9.89911

5.40039 9.89683
5.39911 9.89746

5.39551 9.89911
5.39911 9.89746

5.41016 9.89221
5.40941 9.89258

5.40039 9.89683
5.40527 9.89448

5.40527 9.89448
5.40941 9.89258

5.41016 9.89221
5.41504 9.88983

5.41992 9.88757
5.41967 9.8877

5.41504 9.88983
5.41967 9.8877

5.41992 9.88757
5.4248 9.88517

5.4248 9.88517
5.42969 9.8829

5.43457 9.88049
5.42988 9.88281

5.43457 9.88049
5.43945 9.8782

5.44434 9.87578
5.44004 9.87793

5.43945 9.8782
5.44004 9.87793

5.44434 9.87578
5.44922 9.87348

5.4541 9.87107
5.45016 9.87305

5.4541 9.87107
5.45898 9.86875

5.44922 9.87348
5.45016 9.87305

5.46387 9.86633
5.46024 9.86816

5.45898 9.86875
5.46024 9.86816

5.46387 9.86633
5.46875 9.86399

5.42969 9.8829
5.42988 9.88281

5.47852 9.79488
5.47834 9.79492

5.46875 9.79737
5.47363 9.79615

5.47363 9.79615
5.47834 9.79492

5.47852 9.79488
5.4834 9.79375

5.4834 9.79375
5.48828 9.79259

5.48828 9.79259
5.49316 9.79138

5.49316 9.79138
5.49805 9.79012

5.50293 9.78901
5.49839 9.79004

5.49805 9.79012
5.49839 9.79004

5.50293 9.78901
5.50781 9.78786

5.52246 9.78431
5.5187 9.78516

5.52246 9.78431
5.52734 9.7832

5.50781 9.78786
5.5127 9.78668

5.5127 9.78668
5.51758 9.78544

5.51758 9.78544
5.5187 9.78516

5.52734 9.7832
5.53223 9.78204

5.53223 9.78204
5.53711 9.78082

5.54199 9.77967
5.53928 9.78027

5.53711 9.78082
5.53928 9.78027

5.54199 9.77967
5.54688 9.77859

5.5127 9.84237
5.51005 9.84375

5.5127 9.84237
5.51758 9.83996

5.52246 9.83752
5.5199 9.83887

5.51758 9.83996
5.5199 9.83887

5.52246 9.83752
5.52734 9.8351

5.53223 9.83265
5.52971 9.83398

5.53223 9.83265
5.53711 9.83022

5.52734 9.8351
5.52971 9.83398

5.54199 9.82776
5.53948 9.8291

5.53711 9.83022
5.53948 9.8291

5.54199 9.82776
5.54688 9.82532

5.60547 9.76507
5.60274 9.76562

5.60547 9.76507
5.61035 9.76407

5.61035 9.76407
5.61523 9.76301

5.61523 9.76301
5.62012 9.76186

5.625 9.76064
5.62448 9.76074

5.62012 9.76186
5.62448 9.76074

5.54688 9.77859
5.55176 9.77745

5.55176 9.77745
5.55664 9.77627

5.56152 9.77508
5.56011 9.77539

5.56152 9.77508
5.56641 9.77403

5.55664 9.77627
5.56011 9.77539

5.56641 9.77403
5.57129 9.77293

5.57129 9.77293
5.57617 9.77178

5.57617 9.77178
5.58105 9.77054

5.58594 9.76953
5.5812 9.77051

5.58105 9.77054
5.5812 9.77051

5.55176 9.82285
5.54921 9.82422

5.55176 9.82285
5.55664 9.8204

5.56152 9.81792
5.55891 9.81934

5.55664 9.8204
5.55891 9.81934

5.56152 9.81792
5.56641 9.81547

5.54688 9.82532
5.54921 9.82422

5.57129 9.81297
5.56857 9.81445

5.57129 9.81297
5.57617 9.81052

5.56641 9.81547
5.56857 9.81445

5.58105 9.80799
5.57819 9.80957

5.57617 9.81052
5.57819 9.80957

5.58105 9.80799
5.58594 9.80555

5.58594 9.76953
5.59082 9.76847

5.59082 9.76847
5.5957 9.76736

5.5957 9.76736
5.60059 9.76616

5.60059 9.76616
5.60274 9.76562

5.59082 9.80299
5.58777 9.80469

5.59082 9.80299
5.5957 9.80056

5.60059 9.79797
5.59732 9.7998

5.5957 9.80056
5.59732 9.7998

5.60059 9.79797
5.60547 9.79555

5.61035 9.79293
5.60683 9.79492

5.61035 9.79293
5.61523 9.79053

5.60547 9.79555
5.60683 9.79492

5.62012 9.78786
5.61631 9.79004

5.61523 9.79053
5.61631 9.79004

5.62012 9.78786
5.625 9.7855

5.58594 9.80555
5.58777 9.80469

5.47363 9.86157
5.47028 9.86328

5.47363 9.86157
5.47852 9.85922

5.4834 9.8568
5.48028 9.8584

5.47852 9.85922
5.48028 9.8584

5.4834 9.8568
5.48828 9.85443

5.46875 9.86399
5.47028 9.86328

5.49316 9.85201
5.49024 9.85352

5.49316 9.85201
5.49805 9.84963

5.48828 9.85443
5.49024 9.85352

5.50293 9.8472
5.50017 9.84863

5.49805 9.84963
5.50017 9.84863

5.50293 9.8472
5.50781 9.8448

5.50781 9.8448
5.51005 9.84375

5.625 9.76064
5.62988 9.7597

5.62988 9.7597
5.63477 9.75872

5.63477 9.75872
5.63965 9.75765

5.63965 9.75765
5.64453 9.75644

5.64941 9.75537
5.64676 9.75586

5.64941 9.75537
5.6543 9.75449

5.64453 9.75644
5.64676 9.75586

5.6543 9.75449
5.65918 9.75354

5.65918 9.75354
5.66406 9.75247

5.66406 9.7649
5.66307 9.76562

5.66406 9.75247
5.66895 9.75105

5.67383 9.75028
5.66921 9.75098

5.66895 9.75105
5.66921 9.75098

5.66406 9.7649
5.66895 9.76212

5.67383 9.7595
5.67227 9.76074

5.66895 9.76212
5.67227 9.76074

5.67383 9.75028
5.67871 9.74956

5.67871 9.74956
5.68359 9.74889

5.68359 9.7538
5.68141 9.75586

5.67383 9.7595
5.67871 9.75688

5.67871 9.75688
5.68141 9.75586

5.69336 9.74604
5.69824 9.74579

5.69824 9.74585
5.6993 9.74609

5.68359 9.74764
5.68848 9.74973

5.68359 9.75412
5.68848 9.7513

5.69336 9.74636
5.69824 9.74657

5.69824 9.7463
5.6993 9.74609

5.62988 9.78277
5.62575 9.78516

5.62988 9.78277
5.63477 9.78045

5.63965 9.77765
5.63516 9.78027

5.63477 9.78045
5.63516 9.78027

5.63965 9.77765
5.64453 9.77539

5.625 9.7855
5.62575 9.78516

5.64941 9.7725
5.64453 9.77539

5.6543 9.77018
5.65382 9.77051

5.64941 9.7725
5.65382 9.77051

5.6543 9.77018
5.65918 9.76733

5.65918 9.76733
5.66307 9.76562

4.76562 10.0725
4.76529 10.0732

4.76529 10.0732
4.76429 10.0781

4.76429 10.0781
4.76452 10.083

4.76452 10.083
4.76562 10.0865

4.79492 10.0389
4.79465 10.0391

4.79492 10.0389
4.7998 10.0351

4.80469 10.0316
4.80103 10.0342

4.7998 10.0351
4.80103 10.0342

4.77539 10.0571
4.77404 10.0586

4.78516 10.0472
4.7833 10.0488

4.78027 10.0519
4.77838 10.0537

4.77539 10.0571
4.77838 10.0537

4.78027 10.0519
4.7833 10.0488

4.77051 10.0632
4.77033 10.0635

4.77033 10.0635
4.76741 10.0684

4.77051 10.0632
4.77404 10.0586

4.76562 10.0725
4.76741 10.0684

4.79004 10.0429
4.78874 10.0439

4.78516 10.0472
4.78874 10.0439

4.79004 10.0429
4.79465 10.0391

4.82422 10.0185
4.82257 10.0195

4.80957 10.0281
4.80783 10.0293

4.80957 10.0281
4.81445 10.0248

4.80469 10.0316
4.80783 10.0293

4.81934 10.0217
4.815 10.0244

4.81445 10.0248
4.815 10.0244

4.81934 10.0217
4.82257 10.0195

4.82422 10.0185
4.8291 10.0155

4.83398 10.0126
4.83049 10.0146

4.8291 10.0155
4.83049 10.0146

4.83887 10.0097
4.83874 10.0098

4.83887 10.0097
4.84375 10.007

4.83398 10.0126
4.83874 10.0098

4.76562 10.0865
4.76622 10.0879

4.76622 10.0879
4.77034 10.0928

4.77034 10.0928
4.77051 10.0929

4.77051 10.0929
4.77539 10.0959

4.77539 10.0959
4.77913 10.0977

4.77913 10.0977
4.78027 10.0981

4.78027 10.0981
4.78516 10.0994

4.78516 10.0994
4.79004 10.1004

4.79004 10.1004
4.79492 10.1012

4.79492 10.1012
4.7998 10.1017

4.7998 10.1017
4.80469 10.102

4.80469 10.102
4.80957 10.1021

4.80957 10.1021
4.81445 10.1021

4.81445 10.1021
4.81934 10.102

4.81934 10.102
4.82422 10.1018

4.82422 10.1018
4.8291 10.1015

4.8291 10.1015
4.83398 10.101

4.83398 10.101
4.83887 10.1006

4.83887 10.1006
4.84375 10.1

4.84863 10.0042
4.84735 10.0049

4.84375 10.007
4.84735 10.0049

4.84863 10.0042
4.85352 10.0015

4.85352 10.0015
4.85628 10

4.86328 10.0973
4.86131 10.0977

4.84375 10.1
4.84863 10.0994

4.84863 10.0994
4.85352 10.0988

4.85352 10.0988
4.8584 10.0981

4.8584 10.0981
4.86131 10.0977

4.86328 10.0973
4.86816 10.0965

4.86816 10.0965
4.87305 10.0956

4.87305 10.0956
4.87793 10.0947

4.87793 10.0947
4.88281 10.0938

4.88281 10.0938
4.8877 10.0929

4.89258 10.0918
4.88807 10.0928

4.8877 10.0929
4.88807 10.0928

4.89258 10.0918
4.89746 10.0907

4.89746 10.0907
4.90234 10.0896

4.91211 10.0874
4.91013 10.0879

4.90234 10.0896
4.90723 10.0886

4.90723 10.0886
4.91013 10.0879

4.91211 10.0874
4.91699 10.0862

4.91699 10.0862
4.92188 10.085

4.95117 10.0772
4.94803 10.0781

4.95117 10.0772
4.95605 10.0758

4.95605 10.0758
4.96094 10.0744

4.96582 10.073
4.96512 10.0732

4.96094 10.0744
4.96512 10.0732

4.96582 10.073
4.9707 10.0716

4.9707 10.0716
4.97559 10.0701

4.97559 10.0701
4.98047 10.0686

4.98535 10.0671
4.98137 10.0684

4.98535 10.0671
4.99023 10.0656

4.98047 10.0686
4.98137 10.0684

4.99023 10.0656
4.99512 10.064

5 10.0625
4.99694 10.0635

4.99512 10.064
4.99694 10.0635

4.92188 10.085
4.92676 10.0838

4.93164 10.0825
4.92985 10.083

4.92676 10.0838
4.92985 10.083

4.93164 10.0825
4.93652 10.0812

4.93652 10.0812
4.94141 10.0799

4.94141 10.0799
4.94629 10.0786

4.94629 10.0786
4.94803 10.0781

5.01465 10.0577
5.01198 10.0586

5.01465 10.0577
5.01953 10.056

5 10.0625
5.00488 10.0609

5.00488 10.0609
5.00977 10.0593

5.00977 10.0593
5.01198 10.0586

5.01953 10.056
5.02441 10.0544

5.0293 10.0528
5.02655 10.0537

5.02441 10.0544
5.02655 10.0537

5.0293 10.0528
5.03418 10.0511

5.03418 10.0511
5.03906 10.0494

5.06836 10.039
5.06812 10.0391

5.06836 10.039
5.07324 10.0371

5.07324 10.0371
5.07812 10.0354

5.04395 10.0477
5.04073 10.0488

5.04395 10.0477
5.04883 10.0459

5.03906 10.0494
5.04073 10.0488

5.04883 10.0459
5.05371 10.0442

5.05859 10.0425
5.05458 10.0439

5.05371 10.0442
5.05458 10.0439

5.05859 10.0425
5.06348 10.0407

5.06348 10.0407
5.06812 10.0391

5.08301 10.0336
5.08137 10.0342

5.07812 10.0354
5.08137 10.0342

5.08301 10.0336
5.08789 10.0317

5.09766 10.028
5.09439 10.0293

5.08789 10.0317
5.09277 10.0299

5.09277 10.0299
5.09439 10.0293

5.09766 10.028
5.10254 10.0262

5.10742 10.0243
5.10721 10.0244

5.10254 10.0262
5.10721 10.0244

5.10742 10.0243
5.1123 10.0224

5.1123 10.0224
5.11719 10.0205

5.12207 10.0186
5.1198 10.0195

5.12207 10.0186
5.12695 10.0167

5.12695 10.0167
5.13184 10.0148

5.13672 10.0128
5.13225 10.0146

5.13184 10.0148
5.13225 10.0146

5.11719 10.0205
5.1198 10.0195

5.14648 10.0089
5.1445 10.0098

5.13672 10.0128
5.1416 10.0109

5.1416 10.0109
5.1445 10.0098

5.14648 10.0089
5.15137 10.007

5.15137 10.007
5.15625 10.005

5.16113 10.003
5.15662 10.0049

5.15625 10.005
5.15662 10.0049

5.16113 10.003
5.16602 10.001

5.16602 10.001
5.16858 10

