0.37640241139231634, 15.043119429834801
0.4274865766743101, 14.62819790994356
0.48083657186800366, 13.973098419411984
0.4837203553919869, 13.667417365869737
0.49463753587563897, 12.510196234602656
0.7832218728114135, 11.92025651941061
0.7858996717979698, 11.636409826835667
0.9789071833674354, 11.177613600472391
0.7964048832067663, 10.522857417503193
1.1793301382842856, 9.932780379286195
1.1360733854245328, 9.517996182419907
1.4199200779994774, 9.430246769475838
1.3750154488403057, 9.190137460347977
1.2841762678348267, 8.819090646928771
1.5257961302371568, 8.207385232281897
1.6741049971848776, 7.486645335823457
2.004916164293266, 7.420661622334217
2.0574422213372516, 6.852899575671854
2.629873250847969, 6.17521044753574
3.059145026846651, 5.672402191675479
3.202304280358688, 5.497521319399624
3.4404224056247505, 5.257000041196909
3.5852295354362047, 4.9074442811826255
3.9654769915271695, 4.601213935540573
4.769846610181129, 4.338034358220844
5.385740377089026, 4.053295065983713
6.2852748520344415, 3.7026407217698196
6.946279232638935, 3.636176377693248
7.5152085250133895, 3.3296713860012908
7.93974265665124, 3.329053432389008
9.498633635901733, 3.0866096318369696
10.019362546518174, 2.889345106494005
11.294818802268573, 2.6909819969514306
10.02121640735502, 2.6928358577882765
12.947638730585957, 2.4920695953090455
14.83713489240741, 2.205476442235069
15.686203155683113, 2.2042405350105057
17.243034289559326, 2.1801403441315
18.848065805193556, 2.046799686903503
19.934016286510758, 1.9360486672800423
19.884991966603042, 2.1326265774982485
22.008074593867153, 2.0858680875022326
23.4252482113676, 1.8654646324549233
27.10536795704536, 1.7727715906125958
28.142706087529696, 1.8149297592727383
30.07731286304775, 1.746611554359319
29.938273300284266, 1.4848052072891047
31.683374301369113, 1.504099092294803
33.94549649139671, 1.7191469493689997
38.05056233778718, 1.5821672319797848
38.52391480479532, 1.4068057291166003
40.07909806237212, 1.5573804259760227
39.98681698960465, 1.3391741393279393
41.588758737177464, 1.5333488966094944
45.08122656925887, 1.331758695980552
46.354416995097566, 1.3735735570783145
49.08989165213332, 1.413259911289325
50.27080100520454, 1.236868485739004
