k	Re	CD	E
0	1	6.91	4.21
0	2	4.16	5.35
0	5	2.46	7.99
0	10	1.83	11.16
0	20	1.44	15.97
0	40	1.85	23.27
1	1	7.58	4.21
1	2	4.56	5.34
1	5	2.69	7.98
1	10	2.00	11.15
1	20	1.57	15.96
1	40	1.31	23.37
2	1	10.12	3.84
2	2	6.79	5.73
2	5	4.01	9.01
2	10	2.80	12.52
2	20	2.06	17.81
2	40	1.48	25.85
3	1	5.90	4.22
3	2	3.55	5.36
3	5	2.10	7.99
3	10	1.56	11.16
3	20	1.20	15.93
3	40	0.90	23.17
4	1	10.60	4.27
4	2	6.18	5.39
4	5	3.48	8.09
4	10	2.47	11.35
4	20	1.84	16.38
4	40	1.44	24.00
5	1	5.22	3.95	
5	2	3.29	5.04
5	5	2.01	7.61
5	10	1.51	10.82
5	20	1.20	15.49
5	40	1.03	22.88
6       1	11.50	3.60
6	2	6.78	4.80
6	5	3.83	7.42
6	10	2.71	10.56
6	20	2.02	15.37
6	40	1.57	17.81				
	
