0 0.117188 2.92969 1.00001
0 0.117188 2.92969 1.00001
0 0.117188 2.92969 1.00001
0 0.117188 2.92969 1.00001
0 0.117188 2.92969 1.00001
0 0.117188 2.92969 1.00001
0 0.117188 2.92969 1.00001
0 0.117188 2.92969 1.00001
0 0.117188 2.92969 1.00001
0 0.117188 2.92969 1.00001
0 0.117188 2.92969 1.00001
0 0.117188 2.92969 1.00001
0 0.117188 2.92969 1.00001
0 0.117188 2.92969 1.00001
0 0.117188 2.92969 1.00001
0 0.117188 2.92969 1.00001
0 0.351562 2.92969 0.999811
0 0.351562 2.92969 0.999811
0 0.351562 2.92969 0.999811
0 0.351562 2.92969 0.999811
0 0.351562 2.92969 0.999811
0 0.351562 2.92969 0.999811
0 0.351562 2.92969 0.999811
0 0.351562 2.92969 0.999811
0 0.351562 2.92969 0.999811
0 0.351562 2.92969 0.999811
0 0.351562 2.92969 0.999811
0 0.351562 2.92969 0.999811
0 0.351562 2.92969 0.999811
0 0.351562 2.92969 0.999811
0 0.351562 2.92969 0.999811
0 0.351562 2.92969 0.999811
0 0.585938 2.92969 0.999184
0 0.585938 2.92969 0.999184
0 0.585938 2.92969 0.999184
0 0.585938 2.92969 0.999184
0 0.585938 2.92969 0.999184
0 0.585938 2.92969 0.999184
0 0.585938 2.92969 0.999184
0 0.585938 2.92969 0.999184
0 0.585938 2.92969 0.999184
0 0.585938 2.92969 0.999184
0 0.585938 2.92969 0.999184
0 0.585938 2.92969 0.999184
0 0.585938 2.92969 0.999184
0 0.585938 2.92969 0.999184
0 0.585938 2.92969 0.999184
0 0.585938 2.92969 0.999184
0 0.820312 2.92969 0.998076
0 0.820312 2.92969 0.998076
0 0.820312 2.92969 0.998076
0 0.820312 2.92969 0.998076
0 0.820312 2.92969 0.998076
0 0.820312 2.92969 0.998076
0 0.820312 2.92969 0.998076
0 0.820312 2.92969 0.998076
0 0.820312 2.92969 0.998076
0 0.820312 2.92969 0.998076
0 0.820312 2.92969 0.998076
0 0.820312 2.92969 0.998076
0 0.820312 2.92969 0.998076
0 0.820312 2.92969 0.998076
0 0.820312 2.92969 0.998076
0 0.820312 2.92969 0.998076
0 1.05469 2.92969 0.996499
0 1.05469 2.92969 0.996499
0 1.05469 2.92969 0.996499
0 1.05469 2.92969 0.996499
0 1.05469 2.92969 0.996499
0 1.05469 2.92969 0.996499
0 1.05469 2.92969 0.996499
0 1.05469 2.92969 0.996499
0 1.05469 2.92969 0.996499
0 1.05469 2.92969 0.996499
0 1.05469 2.92969 0.996499
0 1.05469 2.92969 0.996499
0 1.05469 2.92969 0.996499
0 1.05469 2.92969 0.996499
0 1.05469 2.92969 0.996499
0 1.05469 2.92969 0.996499
0 1.28906 2.92969 0.994404
0 1.28906 2.92969 0.994404
0 1.28906 2.92969 0.994404
0 1.28906 2.92969 0.994404
0 1.28906 2.92969 0.994404
0 1.28906 2.92969 0.994404
0 1.28906 2.92969 0.994404
0 1.28906 2.92969 0.994404
0 1.28906 2.92969 0.994404
0 1.28906 2.92969 0.994404
0 1.28906 2.92969 0.994404
0 1.28906 2.92969 0.994404
0 1.28906 2.92969 0.994404
0 1.28906 2.92969 0.994404
0 1.28906 2.92969 0.994404
0 1.28906 2.92969 0.994404
0 1.52344 2.92969 0.991741
0 1.52344 2.92969 0.991741
0 1.52344 2.92969 0.991741
0 1.52344 2.92969 0.991741
0 1.52344 2.92969 0.991741
0 1.52344 2.92969 0.991741
0 1.52344 2.92969 0.991741
0 1.52344 2.92969 0.991741
0 1.52344 2.92969 0.991741
0 1.52344 2.92969 0.991741
0 1.52344 2.92969 0.991741
0 1.52344 2.92969 0.991741
0 1.52344 2.92969 0.991741
0 1.52344 2.92969 0.991741
0 1.52344 2.92969 0.991741
0 1.52344 2.92969 0.991741
0 1.75781 2.92969 0.988435
0 1.75781 2.92969 0.988435
0 1.75781 2.92969 0.988435
0 1.75781 2.92969 0.988435
0 1.75781 2.92969 0.988435
0 1.75781 2.92969 0.988435
0 1.75781 2.92969 0.988435
0 1.75781 2.92969 0.988435
0 1.75781 2.92969 0.988435
0 1.75781 2.92969 0.988435
0 1.75781 2.92969 0.988435
0 1.75781 2.92969 0.988435
0 1.75781 2.92969 0.988435
0 1.75781 2.92969 0.988435
0 1.75781 2.92969 0.988435
0 1.75781 2.92969 0.988435
0 1.99219 2.92969 0.984379
0 1.99219 2.92969 0.984379
0 1.99219 2.92969 0.984379
0 1.99219 2.92969 0.984379
0 1.99219 2.92969 0.984379
0 1.99219 2.92969 0.984379
0 1.99219 2.92969 0.984379
0 1.99219 2.92969 0.984379
0 1.99219 2.92969 0.984379
0 1.99219 2.92969 0.984379
0 1.99219 2.92969 0.984379
0 1.99219 2.92969 0.984379
0 1.99219 2.92969 0.984379
0 1.99219 2.92969 0.984379
0 1.99219 2.92969 0.984379
0 1.99219 2.92969 0.984379
0 2.22656 2.92969 0.979419
0 2.22656 2.92969 0.979419
0 2.22656 2.92969 0.979419
0 2.22656 2.92969 0.979419
0 2.22656 2.92969 0.979419
0 2.22656 2.92969 0.979419
0 2.22656 2.92969 0.979419
0 2.22656 2.92969 0.979419
0 2.22656 2.92969 0.979419
0 2.22656 2.92969 0.979419
0 2.22656 2.92969 0.979419
0 2.22656 2.92969 0.979419
0 2.22656 2.92969 0.979419
0 2.22656 2.92969 0.979419
0 2.22656 2.92969 0.979419
0 2.22656 2.92969 0.979419
0 2.46094 2.92969 0.973346
0 2.46094 2.92969 0.973346
0 2.46094 2.92969 0.973346
0 2.46094 2.92969 0.973346
0 2.46094 2.92969 0.973346
0 2.46094 2.92969 0.973346
0 2.46094 2.92969 0.973346
0 2.46094 2.92969 0.973346
0 2.46094 2.92969 0.973346
0 2.46094 2.92969 0.973346
0 2.46094 2.92969 0.973346
0 2.46094 2.92969 0.973346
0 2.46094 2.92969 0.973346
0 2.46094 2.92969 0.973346
0 2.46094 2.92969 0.973346
0 2.46094 2.92969 0.973346
0 2.69531 2.92969 0.965871
0 2.69531 2.92969 0.965871
0 2.69531 2.92969 0.965871
0 2.69531 2.92969 0.965871
0 2.69531 2.92969 0.965871
0 2.69531 2.92969 0.965871
0 2.69531 2.92969 0.965871
0 2.69531 2.92969 0.965871
0 2.69531 2.92969 0.965871
0 2.69531 2.92969 0.965871
0 2.69531 2.92969 0.965871
0 2.69531 2.92969 0.965871
0 2.69531 2.92969 0.965871
0 2.69531 2.92969 0.965871
0 2.69531 2.92969 0.965871
0 2.69531 2.92969 0.965871
0 2.92969 2.92969 0.956472
0 2.92969 2.92969 0.956472
0 2.92969 2.92969 0.956472
0 2.92969 2.92969 0.956472
0 2.92969 2.92969 0.956472
0 2.92969 2.92969 0.956472
0 2.92969 2.92969 0.956472
0 2.92969 2.92969 0.956472
0 2.92969 2.92969 0.956472
0 2.92969 2.92969 0.956472
0 2.92969 2.92969 0.956472
0 2.92969 2.92969 0.956472
0 2.92969 2.92969 0.956472
0 2.92969 2.92969 0.956472
0 2.92969 2.92969 0.956472
0 2.92969 2.92969 0.956472
0 3.10547 2.98828 0.947408
0 3.10547 2.98828 0.947408
0 3.10547 2.98828 0.947408
0 3.10547 2.98828 0.947408
0 3.10547 2.98828 0.947408
0 3.10547 2.98828 0.947408
0 3.10547 2.98828 0.947408
0 3.10547 2.98828 0.947408
0 3.22266 2.98828 0.940501
0 3.22266 2.98828 0.940501
0 3.22266 2.98828 0.940501
0 3.22266 2.98828 0.940501
0 3.22266 2.98828 0.940501
0 3.22266 2.98828 0.940501
0 3.22266 2.98828 0.940501
0 3.22266 2.98828 0.940501
0 3.33984 2.98828 0.932486
0 3.33984 2.98828 0.932486
0 3.33984 2.98828 0.932486
0 3.33984 2.98828 0.932486
0 3.33984 2.98828 0.932486
0 3.33984 2.98828 0.932486
0 3.33984 2.98828 0.932486
0 3.33984 2.98828 0.932486
0 3.45703 2.98828 0.923199
0 3.45703 2.98828 0.923199
0 3.45703 2.98828 0.923199
0 3.45703 2.98828 0.923199
0 3.45703 2.98828 0.923199
0 3.45703 2.98828 0.923199
0 3.45703 2.98828 0.923199
0 3.45703 2.98828 0.923199
0 3.57422 2.98828 0.91219
0 3.57422 2.98828 0.91219
0 3.57422 2.98828 0.91219
0 3.57422 2.98828 0.91219
0 3.57422 2.98828 0.91219
0 3.57422 2.98828 0.91219
0 3.57422 2.98828 0.91219
0 3.57422 2.98828 0.91219
0 3.69141 2.98828 0.899148
0 3.69141 2.98828 0.899148
0 3.69141 2.98828 0.899148
0 3.69141 2.98828 0.899148
0 3.69141 2.98828 0.899148
0 3.69141 2.98828 0.899148
0 3.69141 2.98828 0.899148
0 3.69141 2.98828 0.899148
0 3.80859 2.98828 0.882987
0 3.80859 2.98828 0.882987
0 3.80859 2.98828 0.882987
0 3.80859 2.98828 0.882987
0 3.80859 2.98828 0.882987
0 3.80859 2.98828 0.882987
0 3.80859 2.98828 0.882987
0 3.80859 2.98828 0.882987
0 3.89648 3.01758 0.86818
0 3.89648 3.01758 0.86818
0 3.89648 3.01758 0.86818
0 3.89648 3.01758 0.86818
0 3.95508 3.01758 0.856891
0 3.95508 3.01758 0.856891
0 3.95508 3.01758 0.856891
0 3.95508 3.01758 0.856891
0 4.01367 3.01758 0.844037
0 4.01367 3.01758 0.844037
0 4.01367 3.01758 0.844037
0 4.01367 3.01758 0.844037
0 4.07227 3.01758 0.829272
0 4.07227 3.01758 0.829272
0 4.07227 3.01758 0.829272
0 4.07227 3.01758 0.829272
0 4.13086 3.01758 0.812305
0 4.13086 3.01758 0.812305
0 4.13086 3.01758 0.812305
0 4.13086 3.01758 0.812305
0 4.18945 3.01758 0.792158
0 4.18945 3.01758 0.792158
0 4.18945 3.01758 0.792158
0 4.18945 3.01758 0.792158
0 4.2334 3.00293 0.774256
0 4.2334 3.00293 0.774256
0 4.2627 3.00293 0.761215
0 4.2627 3.00293 0.761215
0 4.29199 3.00293 0.746857
0 4.29199 3.00293 0.746857
0 4.32129 3.00293 0.730956
0 4.32129 3.00293 0.730956
0 4.35059 3.00293 0.713297
0 4.35059 3.00293 0.713297
0 4.37988 3.00293 0.69358
0 4.37988 3.00293 0.69358
0 4.40918 3.00293 0.671433
0 4.40918 3.00293 0.671433
0 4.43848 3.00293 0.646359
0 4.43848 3.00293 0.646359
0 4.46777 3.00293 0.617838
0 4.46777 3.00293 0.617838
0 4.49707 3.00293 0.584916
0 4.49707 3.00293 0.584916
0 4.51904 2.99561 0.556761
0 4.53369 2.99561 0.536163
0 4.54834 2.99561 0.513803
0 4.56299 2.99561 0.48943
0 4.57764 2.99561 0.462901
0 4.59229 2.99561 0.434023
0 4.60693 2.99561 0.402435
0 4.62158 2.99561 0.367818
0 4.63623 2.99561 0.329908
0 4.65088 2.99561 0.288515
0 4.66553 2.99561 0.243616
0 4.68018 2.99561 0.19554
0 4.69482 2.99561 0.145261
0 4.70947 2.99561 0.0947348
0 4.72412 2.99561 0.0471786
0 4.73877 2.99561 0.00747081
2 4.75342 2.99561 -0.00635779
1 4.76807 2.99561 0
1 4.79004 3.00293 0
1 4.79004 3.00293 0
1 4.83398 3.01758 0
1 4.83398 3.01758 0
1 4.83398 3.01758 0
1 4.83398 3.01758 0
1 4.89258 3.01758 0
1 4.89258 3.01758 0
1 4.89258 3.01758 0
1 4.89258 3.01758 0
1 4.98047 2.98828 0
1 4.98047 2.98828 0
1 4.98047 2.98828 0
1 4.98047 2.98828 0
1 4.98047 2.98828 0
1 4.98047 2.98828 0
1 4.98047 2.98828 0
1 4.98047 2.98828 0
1 5.06836 3.01758 0
1 5.06836 3.01758 0
1 5.06836 3.01758 0
1 5.06836 3.01758 0
1 5.12695 3.01758 0
1 5.12695 3.01758 0
1 5.12695 3.01758 0
1 5.12695 3.01758 0
1 5.1709 3.00293 0
1 5.1709 3.00293 0
1 5.2002 3.00293 0
1 5.2002 3.00293 0
1 5.22949 3.00293 0
1 5.22949 3.00293 0
2 5.25146 2.99561 0.000253773
0 5.26611 2.99561 -0.00307133
0 5.28076 2.99561 -0.00864306
0 5.29541 2.99561 -0.015289
0 5.31006 2.99561 -0.022448
0 5.32471 2.99561 -0.029723
0 5.33936 2.99561 -0.0368515
0 5.354 2.99561 -0.0436691
0 5.36865 2.99561 -0.0500798
0 5.3833 2.99561 -0.0560332
0 5.39795 2.99561 -0.0615088
0 5.4126 2.99561 -0.0665053
0 5.42725 2.99561 -0.0710338
0 5.44189 2.99561 -0.0751126
0 5.45654 2.99561 -0.0787643
0 5.47119 2.99561 -0.0820136
0 5.48584 2.99561 -0.0848857
0 5.50049 2.99561 -0.0874055
0 5.51514 2.99561 -0.0895971
0 5.52979 2.99561 -0.0914834
0 5.54443 2.99561 -0.0930859
0 5.55908 2.99561 -0.0944246
0 5.57373 2.99561 -0.0955181
0 5.58838 2.99561 -0.0963836
0 5.60303 2.99561 -0.0970369
0 5.61768 2.99561 -0.0974926
0 5.63232 2.99561 -0.0977642
0 5.64697 2.99561 -0.097864
0 5.66162 2.99561 -0.0978033
0 5.67627 2.99561 -0.0975925
0 5.69092 2.99561 -0.0972412
0 5.70557 2.99561 -0.0967583
0 5.72021 2.99561 -0.096152
0 5.73486 2.99561 -0.0954296
0 5.74951 2.99561 -0.0945982
0 5.76416 2.99561 -0.0936642
0 5.77881 2.99561 -0.0926335
0 5.79346 2.99561 -0.0915117
0 5.80811 2.99561 -0.0903039
0 5.82275 2.99561 -0.0890149
0 5.8374 2.99561 -0.087649
0 5.85205 2.99561 -0.0862105
0 5.8667 2.99561 -0.0847033
0 5.88135 2.99561 -0.0831309
0 5.896 2.99561 -0.0814967
0 5.91064 2.99561 -0.079804
0 5.92529 2.99561 -0.0780556
0 5.93994 2.99561 -0.0762545
0 5.95459 2.99561 -0.0744033
0 5.96924 2.99561 -0.0725045
0 5.98389 2.99561 -0.0705604
0 5.99854 2.99561 -0.0685732
0 6.01318 2.99561 -0.0665451
0 6.02783 2.99561 -0.0644781
0 6.04248 2.99561 -0.0623741
0 6.05713 2.99561 -0.0602348
0 6.07178 2.99561 -0.058062
0 6.08643 2.99561 -0.0558573
0 6.10107 2.99561 -0.0536223
0 6.11572 2.99561 -0.0513584
0 6.13037 2.99561 -0.0490671
0 6.14502 2.99561 -0.0467496
0 6.15967 2.99561 -0.0444074
0 6.17432 2.99561 -0.0420416
0 6.18896 2.99561 -0.0396534
0 6.20361 2.99561 -0.0372439
0 6.21826 2.99561 -0.0348142
0 6.23291 2.99561 -0.0323654
0 6.24756 2.99561 -0.0298985
0 6.26221 2.99561 -0.0274144
0 6.27686 2.99561 -0.024914
0 6.2915 2.99561 -0.0223983
0 6.30615 2.99561 -0.0198681
0 6.3208 2.99561 -0.0173243
0 6.33545 2.99561 -0.0147675
0 6.3501 2.99561 -0.0121986
0 6.36475 2.99561 -0.00961841
0 6.37939 2.99561 -0.00702751
0 6.39404 2.99561 -0.00442665
0 6.40869 2.99561 -0.00181649
0 6.42334 2.99561 0.000802333
0 6.43799 2.99561 0.00342919
0 6.45264 2.99561 0.00606348
0 6.46729 2.99561 0.00870463
0 6.48193 2.99561 0.0113521
0 6.49658 2.99561 0.0140053
0 6.51123 2.99561 0.0166637
0 6.52588 2.99561 0.0193268
0 6.54053 2.99561 0.0219941
0 6.55518 2.99561 0.0246652
0 6.56982 2.99561 0.0273395
0 6.58447 2.99561 0.0300167
0 6.59912 2.99561 0.0326963
0 6.61377 2.99561 0.0353778
0 6.62842 2.99561 0.0380609
0 6.64307 2.99561 0.0407452
0 6.65771 2.99561 0.0434303
0 6.67236 2.99561 0.0461158
0 6.68701 2.99561 0.0488013
0 6.70166 2.99561 0.0514866
0 6.71631 2.99561 0.0541712
0 6.73096 2.99561 0.0568549
0 6.74561 2.99561 0.0595373
0 6.76025 2.99561 0.0622181
0 6.7749 2.99561 0.0648971
0 6.78955 2.99561 0.0675739
0 6.8042 2.99561 0.0702482
0 6.81885 2.99561 0.0729198
0 6.8335 2.99561 0.0755885
0 6.84814 2.99561 0.0782539
0 6.86279 2.99561 0.0809159
0 6.87744 2.99561 0.0835741
0 6.89209 2.99561 0.0862284
0 6.90674 2.99561 0.0888785
0 6.92139 2.99561 0.0915242
0 6.93604 2.99561 0.0941654
0 6.95068 2.99561 0.0968017
0 6.96533 2.99561 0.0994331
0 6.97998 2.99561 0.102059
0 6.99463 2.99561 0.10468
0 7.00928 2.99561 0.107295
0 7.02393 2.99561 0.109905
0 7.03857 2.99561 0.112509
0 7.05322 2.99561 0.115106
0 7.06787 2.99561 0.117698
0 7.08252 2.99561 0.120283
0 7.09717 2.99561 0.122862
0 7.11182 2.99561 0.125434
0 7.12646 2.99561 0.127999
0 7.14111 2.99561 0.130558
0 7.15576 2.99561 0.133109
0 7.17041 2.99561 0.135654
0 7.18506 2.99561 0.138191
0 7.19971 2.99561 0.140721
0 7.21436 2.99561 0.143243
0 7.229 2.99561 0.145758
0 7.24365 2.99561 0.148265
0 7.2583 2.99561 0.150764
0 7.27295 2.99561 0.153256
0 7.2876 2.99561 0.155739
0 7.30225 2.99561 0.158215
0 7.31689 2.99561 0.160683
0 7.33154 2.99561 0.163142
0 7.34619 2.99561 0.165593
0 7.36084 2.99561 0.168036
0 7.37549 2.99561 0.170471
0 7.39014 2.99561 0.172897
0 7.40479 2.99561 0.175315
0 7.41943 2.99561 0.177724
0 7.43408 2.99561 0.180125
0 7.44873 2.99561 0.182517
0 7.46338 2.99561 0.1849
0 7.47803 2.99561 0.187275
0 7.49268 2.99561 0.189641
0 7.50732 2.99561 0.191998
0 7.52197 2.99561 0.194347
0 7.53662 2.99561 0.196686
0 7.55127 2.99561 0.199017
0 7.56592 2.99561 0.20134
0 7.58057 2.99561 0.203653
0 7.59521 2.99561 0.205957
0 7.60986 2.99561 0.208253
0 7.62451 2.99561 0.210539
0 7.63916 2.99561 0.212817
0 7.65381 2.99561 0.215086
0 7.66846 2.99561 0.217346
0 7.68311 2.99561 0.219597
0 7.69775 2.99561 0.221839
0 7.7124 2.99561 0.224072
0 7.72705 2.99561 0.226296
0 7.7417 2.99561 0.228512
0 7.75635 2.99561 0.230718
0 7.771 2.99561 0.232915
0 7.78564 2.99561 0.235103
0 7.80029 2.99561 0.237283
0 7.81494 2.99561 0.239453
0 7.82959 2.99561 0.241614
0 7.84424 2.99561 0.243767
0 7.85889 2.99561 0.24591
0 7.87354 2.99561 0.248045
0 7.88818 2.99561 0.25017
0 7.90283 2.99561 0.252287
0 7.91748 2.99561 0.254394
0 7.93213 2.99561 0.256493
0 7.94678 2.99561 0.258583
0 7.96143 2.99561 0.260664
0 7.97607 2.99561 0.262736
0 7.99072 2.99561 0.264799
0 8.00537 2.99561 0.266853
0 8.02002 2.99561 0.268899
0 8.03467 2.99561 0.270936
0 8.04932 2.99561 0.272964
0 8.06396 2.99561 0.274983
0 8.07861 2.99561 0.276993
0 8.09326 2.99561 0.278995
0 8.10791 2.99561 0.280988
0 8.12256 2.99561 0.282972
0 8.13721 2.99561 0.284948
0 8.15186 2.99561 0.286915
0 8.1665 2.99561 0.288874
0 8.18115 2.99561 0.290824
0 8.1958 2.99561 0.292765
0 8.21045 2.99561 0.294698
0 8.2251 2.99561 0.296622
0 8.23975 2.99561 0.298538
0 8.25439 2.99561 0.300446
0 8.26904 2.99561 0.302345
0 8.28369 2.99561 0.304236
0 8.29834 2.99561 0.306118
0 8.31299 2.99561 0.307992
0 8.32764 2.99561 0.309858
0 8.34229 2.99561 0.311716
0 8.35693 2.99561 0.313565
0 8.37158 2.99561 0.315406
0 8.38623 2.99561 0.317239
0 8.40088 2.99561 0.319064
0 8.41553 2.99561 0.320881
0 8.43018 2.99561 0.32269
0 8.44482 2.99561 0.324491
0 8.45947 2.99561 0.326284
0 8.47412 2.99561 0.328069
0 8.48877 2.99561 0.329847
0 8.50342 2.99561 0.331616
0 8.51807 2.99561 0.333377
0 8.53271 2.99561 0.335131
0 8.54736 2.99561 0.336877
0 8.56201 2.99561 0.338615
0 8.57666 2.99561 0.340346
0 8.59131 2.99561 0.342069
0 8.60596 2.99561 0.343784
0 8.62061 2.99561 0.345492
0 8.63525 2.99561 0.347192
0 8.6499 2.99561 0.348885
0 8.66455 2.99561 0.35057
0 8.6792 2.99561 0.352248
0 8.69385 2.99561 0.353919
0 8.7085 2.99561 0.355582
0 8.72314 2.99561 0.357238
0 8.73779 2.99561 0.358887
0 8.75244 2.99561 0.360528
0 8.76709 2.99561 0.362162
0 8.78174 2.99561 0.363789
0 8.79639 2.99561 0.365409
0 8.81104 2.99561 0.367022
0 8.82568 2.99561 0.368628
0 8.84033 2.99561 0.370227
0 8.85498 2.99561 0.371819
0 8.86963 2.99561 0.373404
0 8.88428 2.99561 0.374982
0 8.89893 2.99561 0.376553
0 8.91357 2.99561 0.378117
0 8.92822 2.99561 0.379675
0 8.94287 2.99561 0.381226
0 8.95752 2.99561 0.38277
0 8.97217 2.99561 0.384307
0 8.98682 2.99561 0.385838
0 9.00146 2.99561 0.387363
0 9.01611 2.99561 0.38888
0 9.03076 2.99561 0.390391
0 9.04541 2.99561 0.391896
0 9.06006 2.99561 0.393394
0 9.07471 2.99561 0.394886
0 9.08936 2.99561 0.396372
0 9.104 2.99561 0.397851
0 9.11865 2.99561 0.399324
0 9.1333 2.99561 0.40079
0 9.14795 2.99561 0.402251
0 9.1626 2.99561 0.403705
0 9.17725 2.99561 0.405153
0 9.19189 2.99561 0.406595
0 9.20654 2.99561 0.40803
0 9.22119 2.99561 0.40946
0 9.23584 2.99561 0.410884
0 9.25049 2.99561 0.412302
0 9.26514 2.99561 0.413713
0 9.27979 2.99561 0.415119
0 9.29443 2.99561 0.416519
0 9.30908 2.99561 0.417913
0 9.32373 2.99561 0.419302
0 9.33838 2.99561 0.420684
0 9.35303 2.99561 0.422061
0 9.36768 2.99561 0.423432
0 9.38232 2.99561 0.424798
0 9.39697 2.99561 0.426158
0 9.41162 2.99561 0.427512
0 9.42627 2.99561 0.428861
0 9.44092 2.99561 0.430204
0 9.45557 2.99561 0.431541
0 9.47021 2.99561 0.432873
0 9.48486 2.99561 0.4342
0 9.49951 2.99561 0.435521
0 9.51416 2.99561 0.436837
0 9.52881 2.99561 0.438148
0 9.54346 2.99561 0.439453
0 9.55811 2.99561 0.440753
0 9.57275 2.99561 0.442048
0 9.5874 2.99561 0.443337
0 9.60205 2.99561 0.444622
0 9.6167 2.99561 0.445901
0 9.63135 2.99561 0.447175
0 9.646 2.99561 0.448444
0 9.66064 2.99561 0.449708
0 9.67529 2.99561 0.450967
0 9.68994 2.99561 0.45222
0 9.70459 2.99561 0.453469
0 9.71924 2.99561 0.454713
0 9.73389 2.99561 0.455952
0 9.74854 2.99561 0.457186
0 9.76318 2.99561 0.458416
0 9.77783 2.99561 0.45964
0 9.79248 2.99561 0.46086
0 9.80713 2.99561 0.462075
0 9.82178 2.99561 0.463285
0 9.83643 2.99561 0.46449
0 9.85107 2.99561 0.465691
0 9.86572 2.99561 0.466887
0 9.88037 2.99561 0.468078
0 9.89502 2.99561 0.469265
0 9.90967 2.99561 0.470447
0 9.92432 2.99561 0.471625
0 9.93896 2.99561 0.472798
0 9.95361 2.99561 0.473967
0 9.96826 2.99561 0.475131
0 9.98291 2.99561 0.476291
0 9.99756 2.99561 0.477447
0 10.0122 2.99561 0.478598
0 10.0269 2.99561 0.479744
0 10.0415 2.99561 0.480887
0 10.0562 2.99561 0.482025
0 10.0708 2.99561 0.483159
0 10.0854 2.99561 0.484288
0 10.1001 2.99561 0.485413
0 10.1147 2.99561 0.486535
0 10.1294 2.99561 0.487651
0 10.144 2.99561 0.488764
0 10.1587 2.99561 0.489873
0 10.1733 2.99561 0.490977
0 10.188 2.99561 0.492078
0 10.2026 2.99561 0.493174
0 10.2173 2.99561 0.494267
0 10.2319 2.99561 0.495355
0 10.2466 2.99561 0.496439
0 10.2612 2.99561 0.49752
0 10.2759 2.99561 0.498596
0 10.2905 2.99561 0.499669
0 10.3052 2.99561 0.500738
0 10.3198 2.99561 0.501802
0 10.3345 2.99561 0.502863
0 10.3491 2.99561 0.503921
0 10.3638 2.99561 0.504974
0 10.3784 2.99561 0.506024
0 10.3931 2.99561 0.507069
0 10.4077 2.99561 0.508112
0 10.4224 2.99561 0.50915
0 10.437 2.99561 0.510185
0 10.4517 2.99561 0.511216
0 10.4663 2.99561 0.512243
0 10.481 2.99561 0.513267
0 10.4956 2.99561 0.514287
0 10.5103 2.99561 0.515304
0 10.5249 2.99561 0.516317
0 10.5396 2.99561 0.517327
0 10.5542 2.99561 0.518333
0 10.5688 2.99561 0.519336
0 10.5835 2.99561 0.520335
0 10.5981 2.99561 0.521331
0 10.6128 2.99561 0.522323
0 10.6274 2.99561 0.523312
0 10.6421 2.99561 0.524297
0 10.6567 2.99561 0.525279
0 10.6714 2.99561 0.526258
0 10.686 2.99561 0.527234
0 10.7007 2.99561 0.528206
0 10.7153 2.99561 0.529175
0 10.73 2.99561 0.53014
0 10.7446 2.99561 0.531103
0 10.7593 2.99561 0.532062
0 10.7739 2.99561 0.533018
0 10.7886 2.99561 0.533971
0 10.8032 2.99561 0.53492
0 10.8179 2.99561 0.535867
0 10.8325 2.99561 0.53681
0 10.8472 2.99561 0.537751
0 10.8618 2.99561 0.538688
0 10.8765 2.99561 0.539622
0 10.8911 2.99561 0.540553
0 10.9058 2.99561 0.541481
0 10.9204 2.99561 0.542406
0 10.9351 2.99561 0.543328
0 10.9497 2.99561 0.544247
0 10.9644 2.99561 0.545163
0 10.979 2.99561 0.546076
0 10.9937 2.99561 0.546986
0 11.0083 2.99561 0.547894
0 11.0229 2.99561 0.548798
0 11.0376 2.99561 0.5497
0 11.0522 2.99561 0.550598
0 11.0669 2.99561 0.551494
0 11.0815 2.99561 0.552387
0 11.0962 2.99561 0.553278
0 11.1108 2.99561 0.554165
0 11.1255 2.99561 0.55505
0 11.1401 2.99561 0.555932
0 11.1548 2.99561 0.556811
0 11.1694 2.99561 0.557688
0 11.1841 2.99561 0.558562
0 11.1987 2.99561 0.559433
0 11.2134 2.99561 0.560301
0 11.228 2.99561 0.561167
0 11.2427 2.99561 0.562031
0 11.2573 2.99561 0.562891
0 11.272 2.99561 0.563749
0 11.2866 2.99561 0.564605
0 11.3013 2.99561 0.565458
0 11.3159 2.99561 0.566309
0 11.3306 2.99561 0.567156
0 11.3452 2.99561 0.568002
0 11.3599 2.99561 0.568845
0 11.3745 2.99561 0.569685
0 11.3892 2.99561 0.570523
0 11.4038 2.99561 0.571359
0 11.4185 2.99561 0.572192
0 11.4331 2.99561 0.573023
0 11.4478 2.99561 0.573851
0 11.4624 2.99561 0.574677
0 11.4771 2.99561 0.575501
0 11.4917 2.99561 0.576322
0 11.5063 2.99561 0.577141
0 11.521 2.99561 0.577957
0 11.5356 2.99561 0.578772
0 11.5503 2.99561 0.579584
0 11.5649 2.99561 0.580393
0 11.5796 2.99561 0.581201
0 11.5942 2.99561 0.582006
0 11.6089 2.99561 0.582809
0 11.6235 2.99561 0.583609
0 11.6382 2.99561 0.584408
0 11.6528 2.99561 0.585204
0 11.6675 2.99561 0.585998
0 11.6821 2.99561 0.58679
0 11.6968 2.99561 0.587579
0 11.7114 2.99561 0.588367
0 11.7261 2.99561 0.589152
0 11.7407 2.99561 0.589935
0 11.7554 2.99561 0.590716
0 11.77 2.99561 0.591495
0 11.7847 2.99561 0.592272
0 11.7993 2.99561 0.593047
0 11.814 2.99561 0.59382
0 11.8286 2.99561 0.59459
0 11.8433 2.99561 0.595359
0 11.8579 2.99561 0.596125
0 11.8726 2.99561 0.59689
0 11.8872 2.99561 0.597652
0 11.9019 2.99561 0.598413
0 11.9165 2.99561 0.599171
0 11.9312 2.99561 0.599928
0 11.9458 2.99561 0.600683
0 11.9604 2.99561 0.601435
0 11.9751 2.99561 0.602186
0 11.9897 2.99561 0.602935
0 12.0044 2.99561 0.603682
0 12.019 2.99561 0.604427
0 12.0337 2.99561 0.60517
0 12.0483 2.99561 0.605911
0 12.063 2.99561 0.60665
0 12.0776 2.99561 0.607388
0 12.0923 2.99561 0.608123
0 12.1069 2.99561 0.608857
0 12.1216 2.99561 0.609589
0 12.1362 2.99561 0.610319
0 12.1509 2.99561 0.611048
0 12.1655 2.99561 0.611774
0 12.1802 2.99561 0.612499
0 12.1948 2.99561 0.613222
0 12.2095 2.99561 0.613943
0 12.2241 2.99561 0.614663
0 12.2388 2.99561 0.615381
0 12.2534 2.99561 0.616097
0 12.2681 2.99561 0.616811
0 12.2827 2.99561 0.617524
0 12.2974 2.99561 0.618235
0 12.312 2.99561 0.618944
0 12.3267 2.99561 0.619652
0 12.3413 2.99561 0.620358
0 12.356 2.99561 0.621062
0 12.3706 2.99561 0.621765
0 12.3853 2.99561 0.622466
0 12.3999 2.99561 0.623166
0 12.4146 2.99561 0.623864
0 12.4292 2.99561 0.62456
0 12.4438 2.99561 0.625255
0 12.4585 2.99561 0.625948
0 12.4731 2.99561 0.626639
0 12.4878 2.99561 0.627329
0 12.5024 2.99561 0.628017
0 12.5171 2.99561 0.628704
0 12.5317 2.99561 0.629389
0 12.5464 2.99561 0.630073
0 12.561 2.99561 0.630755
0 12.5757 2.99561 0.631436
0 12.5903 2.99561 0.632115
0 12.605 2.99561 0.632792
0 12.6196 2.99561 0.633468
0 12.6343 2.99561 0.634143
0 12.6489 2.99561 0.634816
0 12.6636 2.99561 0.635488
0 12.6782 2.99561 0.636158
0 12.6929 2.99561 0.636826
0 12.7075 2.99561 0.637494
0 12.7222 2.99561 0.63816
0 12.7368 2.99561 0.638824
0 12.7515 2.99561 0.639487
0 12.7661 2.99561 0.640148
0 12.7808 2.99561 0.640809
0 12.7954 2.99561 0.641467
0 12.8101 2.99561 0.642125
0 12.8247 2.99561 0.642781
0 12.8394 2.99561 0.643436
0 12.854 2.99561 0.644089
0 12.8687 2.99561 0.644741
0 12.8833 2.99561 0.645391
0 12.8979 2.99561 0.646041
0 12.9126 2.99561 0.646689
0 12.9272 2.99561 0.647335
0 12.9419 2.99561 0.647981
0 12.9565 2.99561 0.648625
0 12.9712 2.99561 0.649268
0 12.9858 2.99561 0.649909
0 13.0005 2.99561 0.65055
0 13.0151 2.99561 0.651189
0 13.0298 2.99561 0.651827
0 13.0444 2.99561 0.652463
0 13.0591 2.99561 0.653099
0 13.0737 2.99561 0.653733
0 13.0884 2.99561 0.654366
0 13.103 2.99561 0.654997
0 13.1177 2.99561 0.655628
0 13.1323 2.99561 0.656257
0 13.147 2.99561 0.656886
0 13.1616 2.99561 0.657513
0 13.1763 2.99561 0.658138
0 13.1909 2.99561 0.658763
0 13.2056 2.99561 0.659387
0 13.2202 2.99561 0.660009
0 13.2349 2.99561 0.660631
0 13.2495 2.99561 0.661251
0 13.2642 2.99561 0.66187
0 13.2788 2.99561 0.662488
0 13.2935 2.99561 0.663105
0 13.3081 2.99561 0.663721
0 13.3228 2.99561 0.664335
0 13.3374 2.99561 0.664949
0 13.3521 2.99561 0.665562
0 13.3667 2.99561 0.666173
0 13.3813 2.99561 0.666784
0 13.396 2.99561 0.667393
0 13.4106 2.99561 0.668002
0 13.4253 2.99561 0.668609
0 13.4399 2.99561 0.669216
0 13.4546 2.99561 0.669821
0 13.4692 2.99561 0.670425
0 13.4839 2.99561 0.671029
0 13.4985 2.99561 0.671631
0 13.5132 2.99561 0.672232
0 13.5278 2.99561 0.672833
0 13.5425 2.99561 0.673432
0 13.5571 2.99561 0.674031
0 13.5718 2.99561 0.674628
0 13.5864 2.99561 0.675225
0 13.6011 2.99561 0.67582
0 13.6157 2.99561 0.676415
0 13.6304 2.99561 0.677009
0 13.645 2.99561 0.677602
0 13.6597 2.99561 0.678194
0 13.6743 2.99561 0.678785
0 13.689 2.99561 0.679375
0 13.7036 2.99561 0.679964
0 13.7183 2.99561 0.680552
0 13.7329 2.99561 0.68114
0 13.7476 2.99561 0.681727
0 13.7622 2.99561 0.682312
0 13.7769 2.99561 0.682897
0 13.7915 2.99561 0.683481
0 13.8062 2.99561 0.684064
0 13.8208 2.99561 0.684647
0 13.8354 2.99561 0.685228
0 13.8501 2.99561 0.685809
0 13.8647 2.99561 0.686389
0 13.8794 2.99561 0.686968
0 13.894 2.99561 0.687546
0 13.9087 2.99561 0.688124
0 13.9233 2.99561 0.688701
0 13.938 2.99561 0.689277
0 13.9526 2.99561 0.689852
0 13.9673 2.99561 0.690426
0 13.9819 2.99561 0.691
0 13.9966 2.99561 0.691573
0 14.0112 2.99561 0.692145
0 14.0259 2.99561 0.692716
0 14.0405 2.99561 0.693287
0 14.0552 2.99561 0.693857
0 14.0698 2.99561 0.694427
0 14.0845 2.99561 0.694995
0 14.0991 2.99561 0.695563
0 14.1138 2.99561 0.69613
0 14.1284 2.99561 0.696697
0 14.1431 2.99561 0.697263
0 14.1577 2.99561 0.697828
0 14.1724 2.99561 0.698393
0 14.187 2.99561 0.698956
0 14.2017 2.99561 0.69952
0 14.2163 2.99561 0.700082
0 14.231 2.99561 0.700644
0 14.2456 2.99561 0.701205
0 14.2603 2.99561 0.701766
0 14.2749 2.99561 0.702326
0 14.2896 2.99561 0.702886
0 14.3042 2.99561 0.703444
0 14.3188 2.99561 0.704003
0 14.3335 2.99561 0.70456
0 14.3481 2.99561 0.705117
0 14.3628 2.99561 0.705674
0 14.3774 2.99561 0.70623
0 14.3921 2.99561 0.706785
0 14.4067 2.99561 0.70734
0 14.4214 2.99561 0.707894
0 14.436 2.99561 0.708448
0 14.4507 2.99561 0.709001
0 14.4653 2.99561 0.709553
0 14.48 2.99561 0.710106
0 14.4946 2.99561 0.710657
0 14.5093 2.99561 0.711208
0 14.5239 2.99561 0.711759
0 14.5386 2.99561 0.712309
0 14.5532 2.99561 0.712858
0 14.5679 2.99561 0.713407
0 14.5825 2.99561 0.713956
0 14.5972 2.99561 0.714504
0 14.6118 2.99561 0.715052
0 14.6265 2.99561 0.715599
0 14.6411 2.99561 0.716146
0 14.6558 2.99561 0.716692
0 14.6704 2.99561 0.717238
0 14.6851 2.99561 0.717783
0 14.6997 2.99561 0.718328
0 14.7144 2.99561 0.718873
0 14.729 2.99561 0.719417
0 14.7437 2.99561 0.719961
0 14.7583 2.99561 0.720504
0 14.7729 2.99561 0.721047
0 14.7876 2.99561 0.72159
0 14.8022 2.99561 0.722132
0 14.8169 2.99561 0.722674
0 14.8315 2.99561 0.723215
0 14.8462 2.99561 0.723756
0 14.8608 2.99561 0.724297
0 14.8755 2.99561 0.724837
0 14.8901 2.99561 0.725377
0 14.9048 2.99561 0.725917
0 14.9194 2.99561 0.726456
0 14.9341 2.99561 0.726995
0 14.9487 2.99561 0.727531
0 14.9634 2.99561 0.728063
0 14.978 2.99561 0.728614
0 14.9927 2.99561 0.729287
