0 4.99512 0.0146484 1.00207
0 4.99512 0.0146484 1.00207
0 4.99512 0.0439453 1.00232
0 4.99512 0.0439453 1.00232
0 5.00977 0.0878906 1.00299
0 5.00977 0.0878906 1.00299
0 5.00977 0.0878906 1.00299
0 5.00977 0.0878906 1.00299
0 5.00977 0.146484 1.00425
0 5.00977 0.146484 1.00425
0 5.00977 0.146484 1.00425
0 5.00977 0.146484 1.00425
0 5.00977 0.205078 1.00563
0 5.00977 0.205078 1.00563
0 5.00977 0.205078 1.00563
0 5.00977 0.205078 1.00563
0 4.98047 0.292969 1.00763
0 4.98047 0.292969 1.00763
0 4.98047 0.292969 1.00763
0 4.98047 0.292969 1.00763
0 4.98047 0.292969 1.00763
0 4.98047 0.292969 1.00763
0 4.98047 0.292969 1.00763
0 4.98047 0.292969 1.00763
0 4.98047 0.410156 1.01053
0 4.98047 0.410156 1.01053
0 4.98047 0.410156 1.01053
0 4.98047 0.410156 1.01053
0 4.98047 0.410156 1.01053
0 4.98047 0.410156 1.01053
0 4.98047 0.410156 1.01053
0 4.98047 0.410156 1.01053
0 5.03906 0.585938 1.01586
0 5.03906 0.585938 1.01586
0 5.03906 0.585938 1.01586
0 5.03906 0.585938 1.01586
0 5.03906 0.585938 1.01586
0 5.03906 0.585938 1.01586
0 5.03906 0.585938 1.01586
0 5.03906 0.585938 1.01586
0 5.03906 0.585938 1.01586
0 5.03906 0.585938 1.01586
0 5.03906 0.585938 1.01586
0 5.03906 0.585938 1.01586
0 5.03906 0.585938 1.01586
0 5.03906 0.585938 1.01586
0 5.03906 0.585938 1.01586
0 5.03906 0.585938 1.01586
0 5.03906 0.820312 1.02235
0 5.03906 0.820312 1.02235
0 5.03906 0.820312 1.02235
0 5.03906 0.820312 1.02235
0 5.03906 0.820312 1.02235
0 5.03906 0.820312 1.02235
0 5.03906 0.820312 1.02235
0 5.03906 0.820312 1.02235
0 5.03906 0.820312 1.02235
0 5.03906 0.820312 1.02235
0 5.03906 0.820312 1.02235
0 5.03906 0.820312 1.02235
0 5.03906 0.820312 1.02235
0 5.03906 0.820312 1.02235
0 5.03906 0.820312 1.02235
0 5.03906 0.820312 1.02235
0 5.03906 1.05469 1.02916
0 5.03906 1.05469 1.02916
0 5.03906 1.05469 1.02916
0 5.03906 1.05469 1.02916
0 5.03906 1.05469 1.02916
0 5.03906 1.05469 1.02916
0 5.03906 1.05469 1.02916
0 5.03906 1.05469 1.02916
0 5.03906 1.05469 1.02916
0 5.03906 1.05469 1.02916
0 5.03906 1.05469 1.02916
0 5.03906 1.05469 1.02916
0 5.03906 1.05469 1.02916
0 5.03906 1.05469 1.02916
0 5.03906 1.05469 1.02916
0 5.03906 1.05469 1.02916
0 4.98047 1.23047 1.03221
0 4.98047 1.23047 1.03221
0 4.98047 1.23047 1.03221
0 4.98047 1.23047 1.03221
0 4.98047 1.23047 1.03221
0 4.98047 1.23047 1.03221
0 4.98047 1.23047 1.03221
0 4.98047 1.23047 1.03221
0 4.98047 1.34766 1.03588
0 4.98047 1.34766 1.03588
0 4.98047 1.34766 1.03588
0 4.98047 1.34766 1.03588
0 4.98047 1.34766 1.03588
0 4.98047 1.34766 1.03588
0 4.98047 1.34766 1.03588
0 4.98047 1.34766 1.03588
0 4.98047 1.46484 1.03974
0 4.98047 1.46484 1.03974
0 4.98047 1.46484 1.03974
0 4.98047 1.46484 1.03974
0 4.98047 1.46484 1.03974
0 4.98047 1.46484 1.03974
0 4.98047 1.46484 1.03974
0 4.98047 1.46484 1.03974
0 4.98047 1.58203 1.04385
0 4.98047 1.58203 1.04385
0 4.98047 1.58203 1.04385
0 4.98047 1.58203 1.04385
0 4.98047 1.58203 1.04385
0 4.98047 1.58203 1.04385
0 4.98047 1.58203 1.04385
0 4.98047 1.58203 1.04385
0 4.98047 1.69922 1.04835
0 4.98047 1.69922 1.04835
0 4.98047 1.69922 1.04835
0 4.98047 1.69922 1.04835
0 4.98047 1.69922 1.04835
0 4.98047 1.69922 1.04835
0 4.98047 1.69922 1.04835
0 4.98047 1.69922 1.04835
0 4.98047 1.81641 1.05357
0 4.98047 1.81641 1.05357
0 4.98047 1.81641 1.05357
0 4.98047 1.81641 1.05357
0 4.98047 1.81641 1.05357
0 4.98047 1.81641 1.05357
0 4.98047 1.81641 1.05357
0 4.98047 1.81641 1.05357
0 5.00977 1.9043 1.06219
0 5.00977 1.9043 1.06219
0 5.00977 1.9043 1.06219
0 5.00977 1.9043 1.06219
0 5.00977 1.96289 1.06614
0 5.00977 1.96289 1.06614
0 5.00977 1.96289 1.06614
0 5.00977 1.96289 1.06614
0 5.00977 2.02148 1.07054
0 5.00977 2.02148 1.07054
0 5.00977 2.02148 1.07054
0 5.00977 2.02148 1.07054
0 5.00977 2.08008 1.07559
0 5.00977 2.08008 1.07559
0 5.00977 2.08008 1.07559
0 5.00977 2.08008 1.07559
0 5.00977 2.13867 1.08146
0 5.00977 2.13867 1.08146
0 5.00977 2.13867 1.08146
0 5.00977 2.13867 1.08146
0 5.00977 2.19727 1.08845
0 5.00977 2.19727 1.08845
0 5.00977 2.19727 1.08845
0 5.00977 2.19727 1.08845
0 5.00977 2.25586 1.09683
0 5.00977 2.25586 1.09683
0 5.00977 2.25586 1.09683
0 5.00977 2.25586 1.09683
0 4.99512 2.2998 1.10003
0 4.99512 2.2998 1.10003
0 4.99512 2.3291 1.10545
0 4.99512 2.3291 1.10545
0 5.00244 2.35107 1.11225
0 5.00244 2.36572 1.11541
0 5.00244 2.38037 1.1187
0 5.00244 2.39502 1.12206
0 5.00244 2.40967 1.12547
0 5.00244 2.42432 1.12886
0 5.00244 2.43896 1.13211
0 5.00244 2.45361 1.13508
0 5.00244 2.46826 1.13758
0 5.00244 2.48291 1.13932
0 5.00244 2.49756 1.13992
0 5.00244 2.51221 1.13891
0 5.00244 2.52686 1.13564
0 5.00244 2.5415 1.12931
0 5.00244 2.55615 1.11894
0 5.00244 2.5708 1.10336
0 5.00244 2.58545 1.08122
0 5.00244 2.6001 1.05098
0 5.00244 2.61475 1.01103
0 5.00244 2.62939 0.959758
0 5.00244 2.64404 0.895648
0 5.00244 2.65869 0.817474
0 5.00244 2.67334 0.724453
0 5.00244 2.68799 0.616402
0 5.00244 2.70264 0.493864
0 5.00244 2.71729 0.358201
0 5.00244 2.73193 0.211532
2 5.00244 2.74658 0.0564681
1 4.99512 2.76855 0
1 4.99512 2.76855 0
1 4.99512 2.79785 0
1 4.99512 2.79785 0
1 5.00977 2.8418 0
1 5.00977 2.8418 0
1 5.00977 2.8418 0
1 5.00977 2.8418 0
1 5.00977 2.90039 0
1 5.00977 2.90039 0
1 5.00977 2.90039 0
1 5.00977 2.90039 0
1 4.98047 2.98828 0
1 4.98047 2.98828 0
1 4.98047 2.98828 0
1 4.98047 2.98828 0
1 4.98047 2.98828 0
1 4.98047 2.98828 0
1 4.98047 2.98828 0
1 4.98047 2.98828 0
1 5.00977 3.07617 0
1 5.00977 3.07617 0
1 5.00977 3.07617 0
1 5.00977 3.07617 0
1 5.00977 3.13477 0
1 5.00977 3.13477 0
1 5.00977 3.13477 0
1 5.00977 3.13477 0
1 4.99512 3.17871 0
1 4.99512 3.17871 0
1 4.99512 3.20801 0
1 4.99512 3.20801 0
1 5.00244 3.22998 0
2 5.00244 3.24463 -0.0249176
0 5.00244 3.25928 0.12937
0 5.00244 3.27393 0.278376
0 5.00244 3.28857 0.41874
0 5.00244 3.30322 0.547771
0 5.00244 3.31787 0.663552
0 5.00244 3.33252 0.764948
0 5.00244 3.34717 0.851588
0 5.00244 3.36182 0.923804
0 5.00244 3.37646 0.982504
0 5.00244 3.39111 1.029
0 5.00244 3.40576 1.06482
0 5.00244 3.42041 1.09161
0 5.00244 3.43506 1.11092
0 5.00244 3.44971 1.12423
0 5.00244 3.46436 1.13282
0 5.00244 3.479 1.13779
0 5.00244 3.49365 1.14005
0 5.00244 3.5083 1.14032
0 5.00244 3.52295 1.13918
0 5.00244 3.5376 1.13707
0 5.00244 3.55225 1.13433
0 5.00244 3.56689 1.1312
0 5.00244 3.58154 1.12785
0 5.00244 3.59619 1.12442
0 5.00244 3.61084 1.12098
0 5.00244 3.62549 1.11762
0 5.00244 3.64014 1.11434
0 5.00244 3.65479 1.11121
0 4.99512 3.67676 1.10449
0 4.99512 3.67676 1.10449
0 4.99512 3.70605 1.09916
0 4.99512 3.70605 1.09916
0 4.99512 3.73535 1.09438
0 4.99512 3.73535 1.09438
0 5.00977 3.7793 1.0917
0 5.00977 3.7793 1.0917
0 5.00977 3.7793 1.0917
0 5.00977 3.7793 1.0917
0 5.00977 3.83789 1.08411
0 5.00977 3.83789 1.08411
0 5.00977 3.83789 1.08411
0 5.00977 3.83789 1.08411
0 5.00977 3.89648 1.07777
0 5.00977 3.89648 1.07777
0 5.00977 3.89648 1.07777
0 5.00977 3.89648 1.07777
0 5.00977 3.95508 1.07235
0 5.00977 3.95508 1.07235
0 5.00977 3.95508 1.07235
0 5.00977 3.95508 1.07235
0 5.00977 4.01367 1.06752
0 5.00977 4.01367 1.06752
0 5.00977 4.01367 1.06752
0 5.00977 4.01367 1.06752
0 5.00977 4.07227 1.06333
0 5.00977 4.07227 1.06333
0 5.00977 4.07227 1.06333
0 5.00977 4.07227 1.06333
0 5.00977 4.13086 1.05971
0 5.00977 4.13086 1.05971
0 5.00977 4.13086 1.05971
0 5.00977 4.13086 1.05971
0 5.00977 4.18945 1.05644
0 5.00977 4.18945 1.05644
0 5.00977 4.18945 1.05644
0 5.00977 4.18945 1.05644
0 4.98047 4.27734 1.0492
0 4.98047 4.27734 1.0492
0 4.98047 4.27734 1.0492
0 4.98047 4.27734 1.0492
0 4.98047 4.27734 1.0492
0 4.98047 4.27734 1.0492
0 4.98047 4.27734 1.0492
0 4.98047 4.27734 1.0492
0 4.98047 4.39453 1.04451
0 4.98047 4.39453 1.04451
0 4.98047 4.39453 1.04451
0 4.98047 4.39453 1.04451
0 4.98047 4.39453 1.04451
0 4.98047 4.39453 1.04451
0 4.98047 4.39453 1.04451
0 4.98047 4.39453 1.04451
0 4.98047 4.51172 1.04032
0 4.98047 4.51172 1.04032
0 4.98047 4.51172 1.04032
0 4.98047 4.51172 1.04032
0 4.98047 4.51172 1.04032
0 4.98047 4.51172 1.04032
0 4.98047 4.51172 1.04032
0 4.98047 4.51172 1.04032
0 4.98047 4.62891 1.03642
0 4.98047 4.62891 1.03642
0 4.98047 4.62891 1.03642
0 4.98047 4.62891 1.03642
0 4.98047 4.62891 1.03642
0 4.98047 4.62891 1.03642
0 4.98047 4.62891 1.03642
0 4.98047 4.62891 1.03642
0 5.03906 4.80469 1.0333
0 5.03906 4.80469 1.0333
0 5.03906 4.80469 1.0333
0 5.03906 4.80469 1.0333
0 5.03906 4.80469 1.0333
0 5.03906 4.80469 1.0333
0 5.03906 4.80469 1.0333
0 5.03906 4.80469 1.0333
0 5.03906 4.80469 1.0333
0 5.03906 4.80469 1.0333
0 5.03906 4.80469 1.0333
0 5.03906 4.80469 1.0333
0 5.03906 4.80469 1.0333
0 5.03906 4.80469 1.0333
0 5.03906 4.80469 1.0333
0 5.03906 4.80469 1.0333
0 5.03906 5.03906 1.02587
0 5.03906 5.03906 1.02587
0 5.03906 5.03906 1.02587
0 5.03906 5.03906 1.02587
0 5.03906 5.03906 1.02587
0 5.03906 5.03906 1.02587
0 5.03906 5.03906 1.02587
0 5.03906 5.03906 1.02587
0 5.03906 5.03906 1.02587
0 5.03906 5.03906 1.02587
0 5.03906 5.03906 1.02587
0 5.03906 5.03906 1.02587
0 5.03906 5.03906 1.02587
0 5.03906 5.03906 1.02587
0 5.03906 5.03906 1.02587
0 5.03906 5.03906 1.02587
0 5.03906 5.27344 1.01914
0 5.03906 5.27344 1.01914
0 5.03906 5.27344 1.01914
0 5.03906 5.27344 1.01914
0 5.03906 5.27344 1.01914
0 5.03906 5.27344 1.01914
0 5.03906 5.27344 1.01914
0 5.03906 5.27344 1.01914
0 5.03906 5.27344 1.01914
0 5.03906 5.27344 1.01914
0 5.03906 5.27344 1.01914
0 5.03906 5.27344 1.01914
0 5.03906 5.27344 1.01914
0 5.03906 5.27344 1.01914
0 5.03906 5.27344 1.01914
0 5.03906 5.27344 1.01914
0 5.03906 5.50781 1.01292
0 5.03906 5.50781 1.01292
0 5.03906 5.50781 1.01292
0 5.03906 5.50781 1.01292
0 5.03906 5.50781 1.01292
0 5.03906 5.50781 1.01292
0 5.03906 5.50781 1.01292
0 5.03906 5.50781 1.01292
0 5.03906 5.50781 1.01292
0 5.03906 5.50781 1.01292
0 5.03906 5.50781 1.01292
0 5.03906 5.50781 1.01292
0 5.03906 5.50781 1.01292
0 5.03906 5.50781 1.01292
0 5.03906 5.50781 1.01292
0 5.03906 5.50781 1.01292
0 4.98047 5.68359 1.00742
0 4.98047 5.68359 1.00742
0 4.98047 5.68359 1.00742
0 4.98047 5.68359 1.00742
0 4.98047 5.68359 1.00742
0 4.98047 5.68359 1.00742
0 4.98047 5.68359 1.00742
0 4.98047 5.68359 1.00742
0 5.00977 5.77148 1.00546
0 5.00977 5.77148 1.00546
0 5.00977 5.77148 1.00546
0 5.00977 5.77148 1.00546
0 5.00977 5.83008 1.00403
0 5.00977 5.83008 1.00403
0 5.00977 5.83008 1.00403
0 5.00977 5.83008 1.00403
0 5.00977 5.88867 1.00278
0 5.00977 5.88867 1.00278
0 5.00977 5.88867 1.00278
0 5.00977 5.88867 1.00278
0 4.99512 5.93262 1.00212
0 4.99512 5.93262 1.00212
0 4.99512 5.96191 1.00188
0 4.99512 5.96191 1.00188
