0 5.00977 0.0292969 1.03661
0 5.00977 0.0292969 1.03661
0 5.00977 0.0292969 1.03661
0 5.00977 0.0292969 1.03661
0 5.00977 0.0878906 1.03697
0 5.00977 0.0878906 1.03697
0 5.00977 0.0878906 1.03697
0 5.00977 0.0878906 1.03697
0 4.98047 0.175781 1.03741
0 4.98047 0.175781 1.03741
0 4.98047 0.175781 1.03741
0 4.98047 0.175781 1.03741
0 4.98047 0.175781 1.03741
0 4.98047 0.175781 1.03741
0 4.98047 0.175781 1.03741
0 4.98047 0.175781 1.03741
0 5.03906 0.351562 1.03906
0 5.03906 0.351562 1.03906
0 5.03906 0.351562 1.03906
0 5.03906 0.351562 1.03906
0 5.03906 0.351562 1.03906
0 5.03906 0.351562 1.03906
0 5.03906 0.351562 1.03906
0 5.03906 0.351562 1.03906
0 5.03906 0.351562 1.03906
0 5.03906 0.351562 1.03906
0 5.03906 0.351562 1.03906
0 5.03906 0.351562 1.03906
0 5.03906 0.351562 1.03906
0 5.03906 0.351562 1.03906
0 5.03906 0.351562 1.03906
0 5.03906 0.351562 1.03906
0 5.03906 0.585938 1.04096
0 5.03906 0.585938 1.04096
0 5.03906 0.585938 1.04096
0 5.03906 0.585938 1.04096
0 5.03906 0.585938 1.04096
0 5.03906 0.585938 1.04096
0 5.03906 0.585938 1.04096
0 5.03906 0.585938 1.04096
0 5.03906 0.585938 1.04096
0 5.03906 0.585938 1.04096
0 5.03906 0.585938 1.04096
0 5.03906 0.585938 1.04096
0 5.03906 0.585938 1.04096
0 5.03906 0.585938 1.04096
0 5.03906 0.585938 1.04096
0 5.03906 0.585938 1.04096
0 5.03906 0.820312 1.04354
0 5.03906 0.820312 1.04354
0 5.03906 0.820312 1.04354
0 5.03906 0.820312 1.04354
0 5.03906 0.820312 1.04354
0 5.03906 0.820312 1.04354
0 5.03906 0.820312 1.04354
0 5.03906 0.820312 1.04354
0 5.03906 0.820312 1.04354
0 5.03906 0.820312 1.04354
0 5.03906 0.820312 1.04354
0 5.03906 0.820312 1.04354
0 5.03906 0.820312 1.04354
0 5.03906 0.820312 1.04354
0 5.03906 0.820312 1.04354
0 5.03906 0.820312 1.04354
0 5.03906 1.05469 1.0472
0 5.03906 1.05469 1.0472
0 5.03906 1.05469 1.0472
0 5.03906 1.05469 1.0472
0 5.03906 1.05469 1.0472
0 5.03906 1.05469 1.0472
0 5.03906 1.05469 1.0472
0 5.03906 1.05469 1.0472
0 5.03906 1.05469 1.0472
0 5.03906 1.05469 1.0472
0 5.03906 1.05469 1.0472
0 5.03906 1.05469 1.0472
0 5.03906 1.05469 1.0472
0 5.03906 1.05469 1.0472
0 5.03906 1.05469 1.0472
0 5.03906 1.05469 1.0472
0 5.03906 1.28906 1.0516
0 5.03906 1.28906 1.0516
0 5.03906 1.28906 1.0516
0 5.03906 1.28906 1.0516
0 5.03906 1.28906 1.0516
0 5.03906 1.28906 1.0516
0 5.03906 1.28906 1.0516
0 5.03906 1.28906 1.0516
0 5.03906 1.28906 1.0516
0 5.03906 1.28906 1.0516
0 5.03906 1.28906 1.0516
0 5.03906 1.28906 1.0516
0 5.03906 1.28906 1.0516
0 5.03906 1.28906 1.0516
0 5.03906 1.28906 1.0516
0 5.03906 1.28906 1.0516
0 4.98047 1.46484 1.05238
0 4.98047 1.46484 1.05238
0 4.98047 1.46484 1.05238
0 4.98047 1.46484 1.05238
0 4.98047 1.46484 1.05238
0 4.98047 1.46484 1.05238
0 4.98047 1.46484 1.05238
0 4.98047 1.46484 1.05238
0 4.98047 1.58203 1.05517
0 4.98047 1.58203 1.05517
0 4.98047 1.58203 1.05517
0 4.98047 1.58203 1.05517
0 4.98047 1.58203 1.05517
0 4.98047 1.58203 1.05517
0 4.98047 1.58203 1.05517
0 4.98047 1.58203 1.05517
0 4.98047 1.69922 1.05829
0 4.98047 1.69922 1.05829
0 4.98047 1.69922 1.05829
0 4.98047 1.69922 1.05829
0 4.98047 1.69922 1.05829
0 4.98047 1.69922 1.05829
0 4.98047 1.69922 1.05829
0 4.98047 1.69922 1.05829
0 4.98047 1.81641 1.06209
0 4.98047 1.81641 1.06209
0 4.98047 1.81641 1.06209
0 4.98047 1.81641 1.06209
0 4.98047 1.81641 1.06209
0 4.98047 1.81641 1.06209
0 4.98047 1.81641 1.06209
0 4.98047 1.81641 1.06209
0 5.00977 1.9043 1.06954
0 5.00977 1.9043 1.06954
0 5.00977 1.9043 1.06954
0 5.00977 1.9043 1.06954
0 5.00977 1.96289 1.07265
0 5.00977 1.96289 1.07265
0 5.00977 1.96289 1.07265
0 5.00977 1.96289 1.07265
0 4.98047 2.05078 1.07305
0 4.98047 2.05078 1.07305
0 4.98047 2.05078 1.07305
0 4.98047 2.05078 1.07305
0 4.98047 2.05078 1.07305
0 4.98047 2.05078 1.07305
0 4.98047 2.05078 1.07305
0 4.98047 2.05078 1.07305
0 5.00977 2.13867 1.08498
0 5.00977 2.13867 1.08498
0 5.00977 2.13867 1.08498
0 5.00977 2.13867 1.08498
0 5.00977 2.19727 1.09073
0 5.00977 2.19727 1.09073
0 5.00977 2.19727 1.09073
0 5.00977 2.19727 1.09073
0 4.99512 2.24121 1.09182
0 4.99512 2.24121 1.09182
0 4.99512 2.27051 1.09538
0 4.99512 2.27051 1.09538
0 4.99512 2.2998 1.09939
0 4.99512 2.2998 1.09939
0 4.99512 2.3291 1.1039
0 4.99512 2.3291 1.1039
0 4.99512 2.3584 1.10896
0 4.99512 2.3584 1.10896
0 5.00244 2.38037 1.11565
0 5.00244 2.39502 1.11856
0 5.00244 2.40967 1.12152
0 5.00244 2.42432 1.12447
0 5.00244 2.43896 1.12733
0 5.00244 2.45361 1.12998
0 5.00244 2.46826 1.13225
0 5.00244 2.48291 1.1339
0 5.00244 2.49756 1.1346
0 5.00244 2.51221 1.13393
0 5.00244 2.52686 1.13133
0 5.00244 2.5415 1.12608
0 5.00244 2.55615 1.11729
0 5.00244 2.5708 1.10389
0 5.00244 2.58545 1.08462
0 5.00244 2.6001 1.05806
0 5.00244 2.61475 1.0227
0 5.00244 2.62939 0.976969
0 5.00244 2.64404 0.919414
0 5.00244 2.65869 0.848812
0 5.00244 2.67334 0.764342
0 5.00244 2.68799 0.665735
0 5.00244 2.70264 0.5534
0 5.00244 2.71729 0.428432
0 5.00244 2.73193 0.292329
2 5.00244 2.74658 0.14682
1 5.00244 2.76123 0.0452378
1 5.00244 2.77588 0.0167063
1 5.00244 2.79053 0.00914633
1 5.00244 2.80518 0.00766341
1 5.00244 2.81982 0.00789126
1 5.00244 2.83447 0.00855619
1 4.99512 2.85645 0.0102723
1 4.99512 2.85645 0.0102723
1 5.00977 2.90039 0.0106079
1 5.00977 2.90039 0.0106079
1 5.00977 2.90039 0.0106079
1 5.00977 2.90039 0.0106079
1 5.00977 2.95898 0.011919
1 5.00977 2.95898 0.011919
1 5.00977 2.95898 0.011919
1 5.00977 2.95898 0.011919
1 5.00977 3.01758 0.0121272
1 5.00977 3.01758 0.0121272
1 5.00977 3.01758 0.0121272
1 5.00977 3.01758 0.0121272
1 5.00977 3.07617 0.0112547
1 5.00977 3.07617 0.0112547
1 5.00977 3.07617 0.0112547
1 5.00977 3.07617 0.0112547
1 4.99512 3.12012 0.01126
1 4.99512 3.12012 0.01126
1 5.00244 3.14209 0.00965076
1 5.00244 3.15674 0.00893719
1 5.00244 3.17139 0.00820408
1 5.00244 3.18604 0.00761374
1 5.00244 3.20068 0.00773817
1 5.00244 3.21533 0.0105845
1 5.00244 3.22998 0.0231685
2 5.00244 3.24463 0.0701069
0 5.00244 3.25928 0.211278
0 5.00244 3.27393 0.349366
0 5.00244 3.28857 0.479624
0 5.00244 3.30322 0.599166
0 5.00244 3.31787 0.705991
0 5.00244 3.33252 0.799014
0 5.00244 3.34717 0.877995
0 5.00244 3.36182 0.943388
0 5.00244 3.37646 0.996178
0 5.00244 3.39111 1.03769
0 5.00244 3.40576 1.06945
0 5.00244 3.42041 1.093
0 5.00244 3.43506 1.10984
0 5.00244 3.44971 1.12133
0 5.00244 3.46436 1.12864
0 5.00244 3.479 1.13279
0 5.00244 3.49365 1.13458
0 5.00244 3.5083 1.13467
0 5.00244 3.52295 1.13357
0 5.00244 3.5376 1.13166
0 5.00244 3.55225 1.12924
0 5.00244 3.56689 1.12651
0 5.00244 3.58154 1.12362
0 5.00244 3.59619 1.12068
0 5.00244 3.61084 1.11775
0 5.00244 3.62549 1.1149
0 4.99512 3.64746 1.10833
0 4.99512 3.64746 1.10833
0 4.99512 3.67676 1.10345
0 4.99512 3.67676 1.10345
0 4.99512 3.70605 1.099
0 4.99512 3.70605 1.099
0 4.99512 3.73535 1.09505
0 4.99512 3.73535 1.09505
0 5.00977 3.7793 1.09363
0 5.00977 3.7793 1.09363
0 5.00977 3.7793 1.09363
0 5.00977 3.7793 1.09363
0 5.00977 3.83789 1.08733
0 5.00977 3.83789 1.08733
0 5.00977 3.83789 1.08733
0 5.00977 3.83789 1.08733
0 5.00977 3.89648 1.0822
0 5.00977 3.89648 1.0822
0 5.00977 3.89648 1.0822
0 5.00977 3.89648 1.0822
0 5.00977 3.95508 1.07786
0 5.00977 3.95508 1.07786
0 5.00977 3.95508 1.07786
0 5.00977 3.95508 1.07786
0 5.00977 4.01367 1.074
0 5.00977 4.01367 1.074
0 5.00977 4.01367 1.074
0 5.00977 4.01367 1.074
0 5.00977 4.07227 1.0707
0 5.00977 4.07227 1.0707
0 5.00977 4.07227 1.0707
0 5.00977 4.07227 1.0707
0 5.00977 4.13086 1.06792
0 5.00977 4.13086 1.06792
0 5.00977 4.13086 1.06792
0 5.00977 4.13086 1.06792
0 5.00977 4.18945 1.06538
0 5.00977 4.18945 1.06538
0 5.00977 4.18945 1.06538
0 5.00977 4.18945 1.06538
0 4.98047 4.27734 1.0592
0 4.98047 4.27734 1.0592
0 4.98047 4.27734 1.0592
0 4.98047 4.27734 1.0592
0 4.98047 4.27734 1.0592
0 4.98047 4.27734 1.0592
0 4.98047 4.27734 1.0592
0 4.98047 4.27734 1.0592
0 4.98047 4.39453 1.05586
0 4.98047 4.39453 1.05586
0 4.98047 4.39453 1.05586
0 4.98047 4.39453 1.05586
0 4.98047 4.39453 1.05586
0 4.98047 4.39453 1.05586
0 4.98047 4.39453 1.05586
0 4.98047 4.39453 1.05586
0 4.98047 4.51172 1.05309
0 4.98047 4.51172 1.05309
0 4.98047 4.51172 1.05309
0 4.98047 4.51172 1.05309
0 4.98047 4.51172 1.05309
0 4.98047 4.51172 1.05309
0 4.98047 4.51172 1.05309
0 4.98047 4.51172 1.05309
0 4.98047 4.62891 1.05057
0 4.98047 4.62891 1.05057
0 4.98047 4.62891 1.05057
0 4.98047 4.62891 1.05057
0 4.98047 4.62891 1.05057
0 4.98047 4.62891 1.05057
0 4.98047 4.62891 1.05057
0 4.98047 4.62891 1.05057
0 5.03906 4.80469 1.04958
0 5.03906 4.80469 1.04958
0 5.03906 4.80469 1.04958
0 5.03906 4.80469 1.04958
0 5.03906 4.80469 1.04958
0 5.03906 4.80469 1.04958
0 5.03906 4.80469 1.04958
0 5.03906 4.80469 1.04958
0 5.03906 4.80469 1.04958
0 5.03906 4.80469 1.04958
0 5.03906 4.80469 1.04958
0 5.03906 4.80469 1.04958
0 5.03906 4.80469 1.04958
0 5.03906 4.80469 1.04958
0 5.03906 4.80469 1.04958
0 5.03906 4.80469 1.04958
0 5.03906 5.03906 1.04573
0 5.03906 5.03906 1.04573
0 5.03906 5.03906 1.04573
0 5.03906 5.03906 1.04573
0 5.03906 5.03906 1.04573
0 5.03906 5.03906 1.04573
0 5.03906 5.03906 1.04573
0 5.03906 5.03906 1.04573
0 5.03906 5.03906 1.04573
0 5.03906 5.03906 1.04573
0 5.03906 5.03906 1.04573
0 5.03906 5.03906 1.04573
0 5.03906 5.03906 1.04573
0 5.03906 5.03906 1.04573
0 5.03906 5.03906 1.04573
0 5.03906 5.03906 1.04573
0 5.03906 5.27344 1.04257
0 5.03906 5.27344 1.04257
0 5.03906 5.27344 1.04257
0 5.03906 5.27344 1.04257
0 5.03906 5.27344 1.04257
0 5.03906 5.27344 1.04257
0 5.03906 5.27344 1.04257
0 5.03906 5.27344 1.04257
0 5.03906 5.27344 1.04257
0 5.03906 5.27344 1.04257
0 5.03906 5.27344 1.04257
0 5.03906 5.27344 1.04257
0 5.03906 5.27344 1.04257
0 5.03906 5.27344 1.04257
0 5.03906 5.27344 1.04257
0 5.03906 5.27344 1.04257
0 5.03906 5.50781 1.04022
0 5.03906 5.50781 1.04022
0 5.03906 5.50781 1.04022
0 5.03906 5.50781 1.04022
0 5.03906 5.50781 1.04022
0 5.03906 5.50781 1.04022
0 5.03906 5.50781 1.04022
0 5.03906 5.50781 1.04022
0 5.03906 5.50781 1.04022
0 5.03906 5.50781 1.04022
0 5.03906 5.50781 1.04022
0 5.03906 5.50781 1.04022
0 5.03906 5.50781 1.04022
0 5.03906 5.50781 1.04022
0 5.03906 5.50781 1.04022
0 5.03906 5.50781 1.04022
0 4.98047 5.68359 1.0384
0 4.98047 5.68359 1.0384
0 4.98047 5.68359 1.0384
0 4.98047 5.68359 1.0384
0 4.98047 5.68359 1.0384
0 4.98047 5.68359 1.0384
0 4.98047 5.68359 1.0384
0 4.98047 5.68359 1.0384
0 4.98047 5.80078 1.03776
0 4.98047 5.80078 1.03776
0 4.98047 5.80078 1.03776
0 4.98047 5.80078 1.03776
0 4.98047 5.80078 1.03776
0 4.98047 5.80078 1.03776
0 4.98047 5.80078 1.03776
0 4.98047 5.80078 1.03776
0 5.00977 5.88867 1.03723
0 5.00977 5.88867 1.03723
0 5.00977 5.88867 1.03723
0 5.00977 5.88867 1.03723
0 5.00977 5.94727 1.03695
0 5.00977 5.94727 1.03695
0 5.00977 5.94727 1.03695
0 5.00977 5.94727 1.03695
