0 0.234375 3.04688 1.00002
0 0.234375 3.04688 1.00002
0 0.234375 3.04688 1.00002
0 0.234375 3.04688 1.00002
0 0.234375 3.04688 1.00002
0 0.234375 3.04688 1.00002
0 0.234375 3.04688 1.00002
0 0.234375 3.04688 1.00002
0 0.234375 3.04688 1.00002
0 0.234375 3.04688 1.00002
0 0.234375 3.04688 1.00002
0 0.234375 3.04688 1.00002
0 0.234375 3.04688 1.00002
0 0.234375 3.04688 1.00002
0 0.234375 3.04688 1.00002
0 0.234375 3.04688 1.00002
0 0.234375 3.04688 1.00002
0 0.234375 3.04688 1.00002
0 0.234375 3.04688 1.00002
0 0.234375 3.04688 1.00002
0 0.234375 3.04688 1.00002
0 0.234375 3.04688 1.00002
0 0.234375 3.04688 1.00002
0 0.234375 3.04688 1.00002
0 0.234375 3.04688 1.00002
0 0.234375 3.04688 1.00002
0 0.234375 3.04688 1.00002
0 0.234375 3.04688 1.00002
0 0.234375 3.04688 1.00002
0 0.234375 3.04688 1.00002
0 0.234375 3.04688 1.00002
0 0.234375 3.04688 1.00002
0 0.585938 2.92969 0.999451
0 0.585938 2.92969 0.999451
0 0.585938 2.92969 0.999451
0 0.585938 2.92969 0.999451
0 0.585938 2.92969 0.999451
0 0.585938 2.92969 0.999451
0 0.585938 2.92969 0.999451
0 0.585938 2.92969 0.999451
0 0.585938 2.92969 0.999451
0 0.585938 2.92969 0.999451
0 0.585938 2.92969 0.999451
0 0.585938 2.92969 0.999451
0 0.585938 2.92969 0.999451
0 0.585938 2.92969 0.999451
0 0.585938 2.92969 0.999451
0 0.585938 2.92969 0.999451
0 0.820312 2.92969 0.998589
0 0.820312 2.92969 0.998589
0 0.820312 2.92969 0.998589
0 0.820312 2.92969 0.998589
0 0.820312 2.92969 0.998589
0 0.820312 2.92969 0.998589
0 0.820312 2.92969 0.998589
0 0.820312 2.92969 0.998589
0 0.820312 2.92969 0.998589
0 0.820312 2.92969 0.998589
0 0.820312 2.92969 0.998589
0 0.820312 2.92969 0.998589
0 0.820312 2.92969 0.998589
0 0.820312 2.92969 0.998589
0 0.820312 2.92969 0.998589
0 0.820312 2.92969 0.998589
0 1.05469 2.92969 0.997429
0 1.05469 2.92969 0.997429
0 1.05469 2.92969 0.997429
0 1.05469 2.92969 0.997429
0 1.05469 2.92969 0.997429
0 1.05469 2.92969 0.997429
0 1.05469 2.92969 0.997429
0 1.05469 2.92969 0.997429
0 1.05469 2.92969 0.997429
0 1.05469 2.92969 0.997429
0 1.05469 2.92969 0.997429
0 1.05469 2.92969 0.997429
0 1.05469 2.92969 0.997429
0 1.05469 2.92969 0.997429
0 1.05469 2.92969 0.997429
0 1.05469 2.92969 0.997429
0 1.28906 2.92969 0.995817
0 1.28906 2.92969 0.995817
0 1.28906 2.92969 0.995817
0 1.28906 2.92969 0.995817
0 1.28906 2.92969 0.995817
0 1.28906 2.92969 0.995817
0 1.28906 2.92969 0.995817
0 1.28906 2.92969 0.995817
0 1.28906 2.92969 0.995817
0 1.28906 2.92969 0.995817
0 1.28906 2.92969 0.995817
0 1.28906 2.92969 0.995817
0 1.28906 2.92969 0.995817
0 1.28906 2.92969 0.995817
0 1.28906 2.92969 0.995817
0 1.28906 2.92969 0.995817
0 1.52344 2.92969 0.99373
0 1.52344 2.92969 0.99373
0 1.52344 2.92969 0.99373
0 1.52344 2.92969 0.99373
0 1.52344 2.92969 0.99373
0 1.52344 2.92969 0.99373
0 1.52344 2.92969 0.99373
0 1.52344 2.92969 0.99373
0 1.52344 2.92969 0.99373
0 1.52344 2.92969 0.99373
0 1.52344 2.92969 0.99373
0 1.52344 2.92969 0.99373
0 1.52344 2.92969 0.99373
0 1.52344 2.92969 0.99373
0 1.52344 2.92969 0.99373
0 1.52344 2.92969 0.99373
0 1.75781 2.92969 0.990999
0 1.75781 2.92969 0.990999
0 1.75781 2.92969 0.990999
0 1.75781 2.92969 0.990999
0 1.75781 2.92969 0.990999
0 1.75781 2.92969 0.990999
0 1.75781 2.92969 0.990999
0 1.75781 2.92969 0.990999
0 1.75781 2.92969 0.990999
0 1.75781 2.92969 0.990999
0 1.75781 2.92969 0.990999
0 1.75781 2.92969 0.990999
0 1.75781 2.92969 0.990999
0 1.75781 2.92969 0.990999
0 1.75781 2.92969 0.990999
0 1.75781 2.92969 0.990999
0 2.10938 3.04688 0.98558
0 2.10938 3.04688 0.98558
0 2.10938 3.04688 0.98558
0 2.10938 3.04688 0.98558
0 2.10938 3.04688 0.98558
0 2.10938 3.04688 0.98558
0 2.10938 3.04688 0.98558
0 2.10938 3.04688 0.98558
0 2.10938 3.04688 0.98558
0 2.10938 3.04688 0.98558
0 2.10938 3.04688 0.98558
0 2.10938 3.04688 0.98558
0 2.10938 3.04688 0.98558
0 2.10938 3.04688 0.98558
0 2.10938 3.04688 0.98558
0 2.10938 3.04688 0.98558
0 2.10938 3.04688 0.98558
0 2.10938 3.04688 0.98558
0 2.10938 3.04688 0.98558
0 2.10938 3.04688 0.98558
0 2.10938 3.04688 0.98558
0 2.10938 3.04688 0.98558
0 2.10938 3.04688 0.98558
0 2.10938 3.04688 0.98558
0 2.10938 3.04688 0.98558
0 2.10938 3.04688 0.98558
0 2.10938 3.04688 0.98558
0 2.10938 3.04688 0.98558
0 2.10938 3.04688 0.98558
0 2.10938 3.04688 0.98558
0 2.10938 3.04688 0.98558
0 2.10938 3.04688 0.98558
0 2.46094 2.92969 0.978074
0 2.46094 2.92969 0.978074
0 2.46094 2.92969 0.978074
0 2.46094 2.92969 0.978074
0 2.46094 2.92969 0.978074
0 2.46094 2.92969 0.978074
0 2.46094 2.92969 0.978074
0 2.46094 2.92969 0.978074
0 2.46094 2.92969 0.978074
0 2.46094 2.92969 0.978074
0 2.46094 2.92969 0.978074
0 2.46094 2.92969 0.978074
0 2.46094 2.92969 0.978074
0 2.46094 2.92969 0.978074
0 2.46094 2.92969 0.978074
0 2.46094 2.92969 0.978074
0 2.69531 2.92969 0.971408
0 2.69531 2.92969 0.971408
0 2.69531 2.92969 0.971408
0 2.69531 2.92969 0.971408
0 2.69531 2.92969 0.971408
0 2.69531 2.92969 0.971408
0 2.69531 2.92969 0.971408
0 2.69531 2.92969 0.971408
0 2.69531 2.92969 0.971408
0 2.69531 2.92969 0.971408
0 2.69531 2.92969 0.971408
0 2.69531 2.92969 0.971408
0 2.69531 2.92969 0.971408
0 2.69531 2.92969 0.971408
0 2.69531 2.92969 0.971408
0 2.69531 2.92969 0.971408
0 2.92969 2.92969 0.962812
0 2.92969 2.92969 0.962812
0 2.92969 2.92969 0.962812
0 2.92969 2.92969 0.962812
0 2.92969 2.92969 0.962812
0 2.92969 2.92969 0.962812
0 2.92969 2.92969 0.962812
0 2.92969 2.92969 0.962812
0 2.92969 2.92969 0.962812
0 2.92969 2.92969 0.962812
0 2.92969 2.92969 0.962812
0 2.92969 2.92969 0.962812
0 2.92969 2.92969 0.962812
0 2.92969 2.92969 0.962812
0 2.92969 2.92969 0.962812
0 2.92969 2.92969 0.962812
0 3.10547 2.98828 0.954403
0 3.10547 2.98828 0.954403
0 3.10547 2.98828 0.954403
0 3.10547 2.98828 0.954403
0 3.10547 2.98828 0.954403
0 3.10547 2.98828 0.954403
0 3.10547 2.98828 0.954403
0 3.10547 2.98828 0.954403
0 3.22266 2.98828 0.94793
0 3.22266 2.98828 0.94793
0 3.22266 2.98828 0.94793
0 3.22266 2.98828 0.94793
0 3.22266 2.98828 0.94793
0 3.22266 2.98828 0.94793
0 3.22266 2.98828 0.94793
0 3.22266 2.98828 0.94793
0 3.33984 2.98828 0.94039
0 3.33984 2.98828 0.94039
0 3.33984 2.98828 0.94039
0 3.33984 2.98828 0.94039
0 3.33984 2.98828 0.94039
0 3.33984 2.98828 0.94039
0 3.33984 2.98828 0.94039
0 3.33984 2.98828 0.94039
0 3.45703 2.98828 0.931558
0 3.45703 2.98828 0.931558
0 3.45703 2.98828 0.931558
0 3.45703 2.98828 0.931558
0 3.45703 2.98828 0.931558
0 3.45703 2.98828 0.931558
0 3.45703 2.98828 0.931558
0 3.45703 2.98828 0.931558
0 3.57422 2.98828 0.921199
0 3.57422 2.98828 0.921199
0 3.57422 2.98828 0.921199
0 3.57422 2.98828 0.921199
0 3.57422 2.98828 0.921199
0 3.57422 2.98828 0.921199
0 3.57422 2.98828 0.921199
0 3.57422 2.98828 0.921199
0 3.69141 2.98828 0.908535
0 3.69141 2.98828 0.908535
0 3.69141 2.98828 0.908535
0 3.69141 2.98828 0.908535
0 3.69141 2.98828 0.908535
0 3.69141 2.98828 0.908535
0 3.69141 2.98828 0.908535
0 3.69141 2.98828 0.908535
0 3.7793 3.01758 0.897156
0 3.7793 3.01758 0.897156
0 3.7793 3.01758 0.897156
0 3.7793 3.01758 0.897156
0 3.83789 3.01758 0.888617
0 3.83789 3.01758 0.888617
0 3.83789 3.01758 0.888617
0 3.83789 3.01758 0.888617
0 3.89648 3.01758 0.879027
0 3.89648 3.01758 0.879027
0 3.89648 3.01758 0.879027
0 3.89648 3.01758 0.879027
0 3.95508 3.01758 0.868196
0 3.95508 3.01758 0.868196
0 3.95508 3.01758 0.868196
0 3.95508 3.01758 0.868196
0 4.01367 3.01758 0.855904
0 4.01367 3.01758 0.855904
0 4.01367 3.01758 0.855904
0 4.01367 3.01758 0.855904
0 4.07227 3.01758 0.841827
0 4.07227 3.01758 0.841827
0 4.07227 3.01758 0.841827
0 4.07227 3.01758 0.841827
0 4.13086 3.01758 0.825651
0 4.13086 3.01758 0.825651
0 4.13086 3.01758 0.825651
0 4.13086 3.01758 0.825651
0 4.18945 3.01758 0.806526
0 4.18945 3.01758 0.806526
0 4.18945 3.01758 0.806526
0 4.18945 3.01758 0.806526
0 4.2334 3.00293 0.789625
0 4.2334 3.00293 0.789625
0 4.2627 3.00293 0.777307
0 4.2627 3.00293 0.777307
0 4.29199 3.00293 0.763783
0 4.29199 3.00293 0.763783
0 4.32129 3.00293 0.748834
0 4.32129 3.00293 0.748834
0 4.35059 3.00293 0.732269
0 4.35059 3.00293 0.732269
0 4.37988 3.00293 0.71383
0 4.37988 3.00293 0.71383
0 4.40918 3.00293 0.693188
0 4.40918 3.00293 0.693188
0 4.43848 3.00293 0.669954
0 4.43848 3.00293 0.669954
0 4.46777 3.00293 0.643663
0 4.46777 3.00293 0.643663
0 4.49707 3.00293 0.613274
0 4.49707 3.00293 0.613274
0 4.51904 2.99561 0.587365
0 4.53369 2.99561 0.568588
0 4.54834 2.99561 0.548312
0 4.56299 2.99561 0.526313
0 4.57764 2.99561 0.502413
0 4.59229 2.99561 0.476389
0 4.60693 2.99561 0.447995
0 4.62158 2.99561 0.416968
0 4.63623 2.99561 0.383045
0 4.65088 2.99561 0.346007
0 4.66553 2.99561 0.305749
0 4.68018 2.99561 0.262388
0 4.69482 2.99561 0.216408
0 4.70947 2.99561 0.168868
0 4.72412 2.99561 0.121987
0 4.73877 2.99561 0.0807895
2 4.75342 2.99561 0.0552362
1 4.76807 2.99561 0.0455039
1 4.78271 2.99561 0.0414233
1 4.79736 2.99561 0.0385445
1 4.81201 2.99561 0.0361234
1 4.82666 2.99561 0.0338975
1 4.84863 3.00293 0.0307478
1 4.84863 3.00293 0.0307478
1 4.87793 3.00293 0.0267629
1 4.87793 3.00293 0.0267629
1 4.90723 3.00293 0.0230721
1 4.90723 3.00293 0.0230721
1 4.93652 3.00293 0.0196462
1 4.93652 3.00293 0.0196462
1 4.96582 3.00293 0.0165059
1 4.96582 3.00293 0.0165059
1 5.00977 3.01758 0.0121272
1 5.00977 3.01758 0.0121272
1 5.00977 3.01758 0.0121272
1 5.00977 3.01758 0.0121272
1 5.06836 3.01758 0.00743566
1 5.06836 3.01758 0.00743566
1 5.06836 3.01758 0.00743566
1 5.06836 3.01758 0.00743566
1 5.1123 3.00293 0.00471213
1 5.1123 3.00293 0.00471213
1 5.1416 3.00293 0.00304884
1 5.1416 3.00293 0.00304884
1 5.1709 3.00293 0.00160483
1 5.1709 3.00293 0.00160483
1 5.19287 2.99561 0.000612845
1 5.20752 2.99561 -5.06984e-05
1 5.22217 2.99561 -0.000767007
1 5.23682 2.99561 -0.00166008
2 5.25146 2.99561 -0.00379928
0 5.26611 2.99561 -0.00834
0 5.28076 2.99561 -0.0147208
0 5.29541 2.99561 -0.0218486
0 5.31738 3.00293 -0.0327553
0 5.31738 3.00293 -0.0327553
0 5.33936 2.99561 -0.043281
0 5.354 2.99561 -0.0499209
0 5.36865 2.99561 -0.0561231
0 5.3833 2.99561 -0.0618495
0 5.39795 2.99561 -0.0670906
0 5.4126 2.99561 -0.0718545
0 5.42725 2.99561 -0.0761587
0 5.44189 2.99561 -0.0800259
0 5.45654 2.99561 -0.0834813
0 5.47119 2.99561 -0.0865507
0 5.48584 2.99561 -0.0892601
0 5.50049 2.99561 -0.0916345
0 5.51514 2.99561 -0.0936978
0 5.52979 2.99561 -0.0954724
0 5.54443 2.99561 -0.0969793
0 5.55908 2.99561 -0.0982377
0 5.57373 2.99561 -0.0992658
0 5.58838 2.99561 -0.10008
0 5.60303 2.99561 -0.100695
0 5.61768 2.99561 -0.101126
0 5.63232 2.99561 -0.101384
0 5.64697 2.99561 -0.101482
0 5.66162 2.99561 -0.101431
0 5.67627 2.99561 -0.101239
0 5.69092 2.99561 -0.100917
0 5.70557 2.99561 -0.100473
0 5.72021 2.99561 -0.0999145
0 5.73486 2.99561 -0.0992483
0 5.74951 2.99561 -0.0984812
0 5.76416 2.99561 -0.0976191
0 5.77881 2.99561 -0.0966678
0 5.79346 2.99561 -0.0956323
0 5.80811 2.99561 -0.0945176
0 5.82275 2.99561 -0.0933281
0 5.8374 2.99561 -0.0920679
0 5.85205 2.99561 -0.090741
0 5.8667 2.99561 -0.089351
0 5.88135 2.99561 -0.0879012
0 5.896 2.99561 -0.0863948
0 5.91064 2.99561 -0.0848349
0 5.92529 2.99561 -0.0832242
0 5.93994 2.99561 -0.0815652
0 5.95459 2.99561 -0.0798606
0 5.96924 2.99561 -0.0781126
0 5.98389 2.99561 -0.0763233
0 5.99854 2.99561 -0.0744949
0 6.01318 2.99561 -0.0726293
0 6.02783 2.99561 -0.0707284
0 6.04248 2.99561 -0.0687939
0 6.05713 2.99561 -0.0668275
0 6.07178 2.99561 -0.0648308
0 6.08643 2.99561 -0.0628052
0 6.10107 2.99561 -0.0607521
0 6.11572 2.99561 -0.0586731
0 6.13037 2.99561 -0.0565692
0 6.14502 2.99561 -0.0544419
0 6.15967 2.99561 -0.0522922
0 6.17432 2.99561 -0.0501212
0 6.18896 2.99561 -0.0479302
0 6.20361 2.99561 -0.04572
0 6.21826 2.99561 -0.0434917
0 6.23291 2.99561 -0.0412462
0 6.24756 2.99561 -0.0389845
0 6.26221 2.99561 -0.0367073
0 6.27686 2.99561 -0.0344156
0 6.2915 2.99561 -0.0321102
0 6.30615 2.99561 -0.0297918
0 6.3208 2.99561 -0.0274611
0 6.33545 2.99561 -0.0251189
0 6.3501 2.99561 -0.0227659
0 6.36475 2.99561 -0.0204027
0 6.37939 2.99561 -0.01803
0 6.39404 2.99561 -0.0156484
0 6.40869 2.99561 -0.0132585
0 6.42334 2.99561 -0.0108608
0 6.43799 2.99561 -0.00845601
0 6.45264 2.99561 -0.00604453
0 6.46729 2.99561 -0.00362693
0 6.48193 2.99561 -0.00120371
0 6.49658 2.99561 0.00122465
0 6.51123 2.99561 0.00365769
0 6.52588 2.99561 0.00609494
0 6.54053 2.99561 0.00853598
0 6.55518 2.99561 0.0109804
0 6.56982 2.99561 0.0134277
0 6.58447 2.99561 0.0158776
0 6.59912 2.99561 0.0183297
0 6.61377 2.99561 0.0207835
0 6.62842 2.99561 0.0232388
0 6.64307 2.99561 0.0256952
0 6.65771 2.99561 0.0281523
0 6.67236 2.99561 0.0306098
0 6.68701 2.99561 0.0330674
0 6.70166 2.99561 0.0355249
0 6.71631 2.99561 0.0379818
0 6.73096 2.99561 0.0404379
0 6.74561 2.99561 0.042893
0 6.76025 2.99561 0.0453467
0 6.7749 2.99561 0.0477988
0 6.78955 2.99561 0.0502491
0 6.8042 2.99561 0.0526973
0 6.81885 2.99561 0.0551431
0 6.8335 2.99561 0.0575863
0 6.84814 2.99561 0.0600268
0 6.86279 2.99561 0.0624642
0 6.87744 2.99561 0.0648984
0 6.89209 2.99561 0.0673292
0 6.90674 2.99561 0.0697564
0 6.92139 2.99561 0.0721798
0 6.93604 2.99561 0.0745991
0 6.95068 2.99561 0.0770143
0 6.96533 2.99561 0.0794252
0 6.97998 2.99561 0.0818315
0 6.99463 2.99561 0.0842332
0 7.00928 2.99561 0.08663
0 7.02393 2.99561 0.0890219
0 7.03857 2.99561 0.0914086
0 7.05322 2.99561 0.0937901
0 7.06787 2.99561 0.0961661
0 7.08252 2.99561 0.0985366
0 7.09717 2.99561 0.100901
0 7.11182 2.99561 0.103261
0 7.12646 2.99561 0.105614
0 7.14111 2.99561 0.107961
0 7.15576 2.99561 0.110302
0 7.17041 2.99561 0.112637
0 7.18506 2.99561 0.114965
0 7.19971 2.99561 0.117287
0 7.21436 2.99561 0.119603
0 7.229 2.99561 0.121911
0 7.24365 2.99561 0.124214
0 7.2583 2.99561 0.126509
0 7.27295 2.99561 0.128797
0 7.2876 2.99561 0.131079
0 7.30225 2.99561 0.133353
0 7.31689 2.99561 0.135621
0 7.33154 2.99561 0.137881
0 7.34619 2.99561 0.140134
0 7.36084 2.99561 0.14238
0 7.37549 2.99561 0.144619
0 7.39014 2.99561 0.14685
0 7.40479 2.99561 0.149074
0 7.41943 2.99561 0.15129
0 7.43408 2.99561 0.153499
0 7.44873 2.99561 0.1557
0 7.46338 2.99561 0.157894
0 7.47803 2.99561 0.16008
0 7.49268 2.99561 0.162259
0 7.50732 2.99561 0.16443
0 7.52197 2.99561 0.166593
0 7.53662 2.99561 0.168749
0 7.55127 2.99561 0.170897
0 7.56592 2.99561 0.173037
0 7.58057 2.99561 0.175169
0 7.59521 2.99561 0.177294
0 7.60986 2.99561 0.179411
0 7.62451 2.99561 0.18152
0 7.63916 2.99561 0.183621
0 7.65381 2.99561 0.185715
0 7.66846 2.99561 0.1878
0 7.68311 2.99561 0.189878
0 7.69775 2.99561 0.191948
0 7.7124 2.99561 0.19401
0 7.72705 2.99561 0.196064
0 7.7417 2.99561 0.19811
0 7.75635 2.99561 0.200149
0 7.771 2.99561 0.202179
0 7.78564 2.99561 0.204202
0 7.80029 2.99561 0.206217
0 7.81494 2.99561 0.208223
0 7.82959 2.99561 0.210222
0 7.84424 2.99561 0.212214
0 7.85889 2.99561 0.214197
0 7.87354 2.99561 0.216172
0 7.88818 2.99561 0.21814
0 7.90283 2.99561 0.2201
0 7.91748 2.99561 0.222052
0 7.93213 2.99561 0.223996
0 7.94678 2.99561 0.225932
0 7.96143 2.99561 0.227861
0 7.97607 2.99561 0.229782
0 7.99072 2.99561 0.231695
0 8.00537 2.99561 0.2336
0 8.02002 2.99561 0.235498
0 8.03467 2.99561 0.237388
0 8.04932 2.99561 0.23927
0 8.06396 2.99561 0.241145
0 8.07861 2.99561 0.243012
0 8.09326 2.99561 0.244872
0 8.10791 2.99561 0.246723
0 8.12256 2.99561 0.248568
0 8.13721 2.99561 0.250405
0 8.15186 2.99561 0.252234
0 8.1665 2.99561 0.254056
0 8.18115 2.99561 0.25587
0 8.1958 2.99561 0.257677
0 8.21045 2.99561 0.259477
0 8.2251 2.99561 0.261269
0 8.23975 2.99561 0.263054
0 8.25439 2.99561 0.264832
0 8.26904 2.99561 0.266602
0 8.28369 2.99561 0.268365
0 8.29834 2.99561 0.270121
0 8.31299 2.99561 0.271869
0 8.32764 2.99561 0.273611
0 8.34229 2.99561 0.275345
0 8.35693 2.99561 0.277072
0 8.37158 2.99561 0.278793
0 8.38623 2.99561 0.280506
0 8.40088 2.99561 0.282212
0 8.41553 2.99561 0.283911
0 8.43018 2.99561 0.285603
0 8.44482 2.99561 0.287289
0 8.45947 2.99561 0.288967
0 8.47412 2.99561 0.290639
0 8.48877 2.99561 0.292304
0 8.50342 2.99561 0.293962
0 8.51807 2.99561 0.295613
0 8.53271 2.99561 0.297258
0 8.54736 2.99561 0.298896
0 8.56201 2.99561 0.300527
0 8.57666 2.99561 0.302152
0 8.59131 2.99561 0.30377
0 8.60596 2.99561 0.305381
0 8.62061 2.99561 0.306987
0 8.63525 2.99561 0.308585
0 8.6499 2.99561 0.310177
0 8.66455 2.99561 0.311763
0 8.6792 2.99561 0.313343
0 8.69385 2.99561 0.314916
0 8.7085 2.99561 0.316483
0 8.72314 2.99561 0.318043
0 8.73779 2.99561 0.319597
0 8.75244 2.99561 0.321145
0 8.76709 2.99561 0.322687
0 8.78174 2.99561 0.324223
0 8.79639 2.99561 0.325753
0 8.81104 2.99561 0.327277
0 8.82568 2.99561 0.328794
0 8.84033 2.99561 0.330306
0 8.85498 2.99561 0.331811
0 8.86963 2.99561 0.333311
0 8.88428 2.99561 0.334805
0 8.89893 2.99561 0.336293
0 8.91357 2.99561 0.337775
0 8.92822 2.99561 0.339251
0 8.94287 2.99561 0.340721
0 8.95752 2.99561 0.342186
0 8.97217 2.99561 0.343645
0 8.98682 2.99561 0.345098
0 9.00146 2.99561 0.346546
0 9.01611 2.99561 0.347988
0 9.03076 2.99561 0.349424
0 9.04541 2.99561 0.350855
0 9.06006 2.99561 0.352281
0 9.07471 2.99561 0.353701
0 9.08936 2.99561 0.355115
0 9.104 2.99561 0.356524
0 9.11865 2.99561 0.357928
0 9.1333 2.99561 0.359326
0 9.14795 2.99561 0.360719
0 9.1626 2.99561 0.362107
0 9.17725 2.99561 0.363489
0 9.19189 2.99561 0.364866
0 9.20654 2.99561 0.366238
0 9.22119 2.99561 0.367605
0 9.23584 2.99561 0.368966
0 9.25049 2.99561 0.370322
0 9.26514 2.99561 0.371674
0 9.27979 2.99561 0.37302
0 9.29443 2.99561 0.374361
0 9.30908 2.99561 0.375698
0 9.32373 2.99561 0.377029
0 9.33838 2.99561 0.378355
0 9.35303 2.99561 0.379677
0 9.36768 2.99561 0.380993
0 9.38232 2.99561 0.382305
0 9.39697 2.99561 0.383612
0 9.41162 2.99561 0.384914
0 9.42627 2.99561 0.386211
0 9.44092 2.99561 0.387503
0 9.45557 2.99561 0.388791
0 9.47021 2.99561 0.390074
0 9.48486 2.99561 0.391353
0 9.49951 2.99561 0.392627
0 9.51416 2.99561 0.393896
0 9.52881 2.99561 0.395161
0 9.54346 2.99561 0.396421
0 9.55811 2.99561 0.397677
0 9.57275 2.99561 0.398928
0 9.5874 2.99561 0.400174
0 9.60205 2.99561 0.401417
0 9.6167 2.99561 0.402655
0 9.63135 2.99561 0.403888
0 9.646 2.99561 0.405117
0 9.66064 2.99561 0.406342
0 9.67529 2.99561 0.407563
0 9.68994 2.99561 0.408779
0 9.70459 2.99561 0.409991
0 9.71924 2.99561 0.411199
0 9.73389 2.99561 0.412402
0 9.74854 2.99561 0.413602
0 9.76318 2.99561 0.414797
0 9.77783 2.99561 0.415988
0 9.79248 2.99561 0.417175
0 9.80713 2.99561 0.418358
0 9.82178 2.99561 0.419537
0 9.83643 2.99561 0.420712
0 9.85107 2.99561 0.421883
0 9.86572 2.99561 0.42305
0 9.88037 2.99561 0.424213
0 9.89502 2.99561 0.425372
0 9.90967 2.99561 0.426527
0 9.92432 2.99561 0.427678
0 9.93896 2.99561 0.428825
0 9.95361 2.99561 0.429968
0 9.96826 2.99561 0.431108
0 9.98291 2.99561 0.432244
0 9.99756 2.99561 0.433376
0 10.0122 2.99561 0.434504
0 10.0269 2.99561 0.435628
0 10.0415 2.99561 0.436749
0 10.0562 2.99561 0.437865
0 10.0708 2.99561 0.438979
0 10.0854 2.99561 0.440088
0 10.1001 2.99561 0.441194
0 10.1147 2.99561 0.442296
0 10.1294 2.99561 0.443394
0 10.144 2.99561 0.444489
0 10.1587 2.99561 0.445581
0 10.1733 2.99561 0.446668
0 10.188 2.99561 0.447753
0 10.2026 2.99561 0.448833
0 10.2173 2.99561 0.449911
0 10.2319 2.99561 0.450984
0 10.2466 2.99561 0.452054
0 10.2612 2.99561 0.453121
0 10.2759 2.99561 0.454184
0 10.2905 2.99561 0.455244
0 10.3052 2.99561 0.456301
0 10.3198 2.99561 0.457354
0 10.3345 2.99561 0.458404
0 10.3491 2.99561 0.45945
0 10.3638 2.99561 0.460493
0 10.3784 2.99561 0.461533
0 10.3931 2.99561 0.46257
0 10.4077 2.99561 0.463603
0 10.4224 2.99561 0.464633
0 10.437 2.99561 0.46566
0 10.4517 2.99561 0.466683
0 10.4663 2.99561 0.467703
0 10.481 2.99561 0.468721
0 10.4956 2.99561 0.469735
0 10.5103 2.99561 0.470745
0 10.5249 2.99561 0.471753
0 10.5396 2.99561 0.472758
0 10.5542 2.99561 0.473759
0 10.5688 2.99561 0.474758
0 10.5835 2.99561 0.475753
0 10.5981 2.99561 0.476746
0 10.6128 2.99561 0.477735
0 10.6274 2.99561 0.478721
0 10.6421 2.99561 0.479705
0 10.6567 2.99561 0.480685
0 10.6714 2.99561 0.481663
0 10.686 2.99561 0.482637
0 10.7007 2.99561 0.483609
0 10.7153 2.99561 0.484577
0 10.73 2.99561 0.485543
0 10.7446 2.99561 0.486506
0 10.7593 2.99561 0.487467
0 10.7739 2.99561 0.488424
0 10.7886 2.99561 0.489378
0 10.8032 2.99561 0.49033
0 10.8179 2.99561 0.491279
0 10.8325 2.99561 0.492226
0 10.8472 2.99561 0.493169
0 10.8618 2.99561 0.49411
0 10.8765 2.99561 0.495048
0 10.8911 2.99561 0.495984
0 10.9058 2.99561 0.496917
0 10.9204 2.99561 0.497847
0 10.9351 2.99561 0.498775
0 10.9497 2.99561 0.4997
0 10.9644 2.99561 0.500622
0 10.979 2.99561 0.501542
0 10.9937 2.99561 0.50246
0 11.0083 2.99561 0.503375
0 11.0229 2.99561 0.504287
0 11.0376 2.99561 0.505197
0 11.0522 2.99561 0.506104
0 11.0669 2.99561 0.50701
0 11.0815 2.99561 0.507912
0 11.0962 2.99561 0.508813
0 11.1108 2.99561 0.50971
0 11.1255 2.99561 0.510606
0 11.1401 2.99561 0.511499
0 11.1548 2.99561 0.51239
0 11.1694 2.99561 0.513279
0 11.1841 2.99561 0.514165
0 11.1987 2.99561 0.515049
0 11.2134 2.99561 0.515931
0 11.228 2.99561 0.516811
0 11.2427 2.99561 0.517688
0 11.2573 2.99561 0.518563
0 11.272 2.99561 0.519436
0 11.2866 2.99561 0.520307
0 11.3013 2.99561 0.521176
0 11.3159 2.99561 0.522043
0 11.3306 2.99561 0.522908
0 11.3452 2.99561 0.52377
0 11.3599 2.99561 0.52463
0 11.3745 2.99561 0.525489
0 11.3892 2.99561 0.526345
0 11.4038 2.99561 0.5272
0 11.4185 2.99561 0.528052
0 11.4331 2.99561 0.528903
0 11.4478 2.99561 0.529751
0 11.4624 2.99561 0.530598
0 11.4771 2.99561 0.531442
0 11.4917 2.99561 0.532285
0 11.5063 2.99561 0.533126
0 11.521 2.99561 0.533965
0 11.5356 2.99561 0.534802
0 11.5503 2.99561 0.535637
0 11.5649 2.99561 0.53647
0 11.5796 2.99561 0.537302
0 11.5942 2.99561 0.538131
0 11.6089 2.99561 0.538959
0 11.6235 2.99561 0.539786
0 11.6382 2.99561 0.54061
0 11.6528 2.99561 0.541433
0 11.6675 2.99561 0.542254
0 11.6821 2.99561 0.543073
0 11.6968 2.99561 0.54389
0 11.7114 2.99561 0.544706
0 11.7261 2.99561 0.54552
0 11.7407 2.99561 0.546333
0 11.7554 2.99561 0.547143
0 11.77 2.99561 0.547953
0 11.7847 2.99561 0.54876
0 11.7993 2.99561 0.549566
0 11.814 2.99561 0.55037
0 11.8286 2.99561 0.551173
0 11.8433 2.99561 0.551974
0 11.8579 2.99561 0.552773
0 11.8726 2.99561 0.553571
0 11.8872 2.99561 0.554367
0 11.9019 2.99561 0.555162
0 11.9165 2.99561 0.555955
0 11.9312 2.99561 0.556747
0 11.9458 2.99561 0.557537
0 11.9604 2.99561 0.558326
0 11.9751 2.99561 0.559113
0 11.9897 2.99561 0.559899
0 12.0044 2.99561 0.560683
0 12.019 2.99561 0.561466
0 12.0337 2.99561 0.562247
0 12.0483 2.99561 0.563026
0 12.063 2.99561 0.563805
0 12.0776 2.99561 0.564582
0 12.0923 2.99561 0.565357
0 12.1069 2.99561 0.566131
0 12.1216 2.99561 0.566904
0 12.1362 2.99561 0.567675
0 12.1509 2.99561 0.568445
0 12.1655 2.99561 0.569213
0 12.1802 2.99561 0.56998
0 12.1948 2.99561 0.570746
0 12.2095 2.99561 0.57151
0 12.2241 2.99561 0.572273
0 12.2388 2.99561 0.573035
0 12.2534 2.99561 0.573795
0 12.2681 2.99561 0.574554
0 12.2827 2.99561 0.575311
0 12.2974 2.99561 0.576068
0 12.312 2.99561 0.576823
0 12.3267 2.99561 0.577576
0 12.3413 2.99561 0.578329
0 12.356 2.99561 0.57908
0 12.3706 2.99561 0.579829
0 12.3853 2.99561 0.580578
0 12.3999 2.99561 0.581325
0 12.4146 2.99561 0.582071
0 12.4292 2.99561 0.582816
0 12.4438 2.99561 0.583559
0 12.4585 2.99561 0.584301
0 12.4731 2.99561 0.585042
0 12.4878 2.99561 0.585782
0 12.5024 2.99561 0.58652
0 12.5171 2.99561 0.587258
0 12.5317 2.99561 0.587994
0 12.5464 2.99561 0.588729
0 12.561 2.99561 0.589462
0 12.5757 2.99561 0.590195
0 12.5903 2.99561 0.590926
0 12.605 2.99561 0.591656
0 12.6196 2.99561 0.592385
0 12.6343 2.99561 0.593113
0 12.6489 2.99561 0.593839
0 12.6636 2.99561 0.594565
0 12.6782 2.99561 0.595289
0 12.6929 2.99561 0.596012
0 12.7075 2.99561 0.596734
0 12.7222 2.99561 0.597455
0 12.7368 2.99561 0.598175
0 12.7515 2.99561 0.598894
0 12.7661 2.99561 0.599611
0 12.7808 2.99561 0.600328
0 12.7954 2.99561 0.601043
0 12.8101 2.99561 0.601758
0 12.8247 2.99561 0.602471
0 12.8394 2.99561 0.603183
0 12.854 2.99561 0.603895
0 12.8687 2.99561 0.604605
0 12.8833 2.99561 0.605314
0 12.8979 2.99561 0.606022
0 12.9126 2.99561 0.60673
0 12.9272 2.99561 0.607436
0 12.9419 2.99561 0.608141
0 12.9565 2.99561 0.608845
0 12.9712 2.99561 0.609548
0 12.9858 2.99561 0.61025
0 13.0005 2.99561 0.610951
0 13.0151 2.99561 0.611651
0 13.0298 2.99561 0.61235
0 13.0444 2.99561 0.613048
0 13.0591 2.99561 0.613745
0 13.0737 2.99561 0.614441
0 13.0884 2.99561 0.615136
0 13.103 2.99561 0.61583
0 13.1177 2.99561 0.616523
0 13.1323 2.99561 0.617216
0 13.147 2.99561 0.617907
0 13.1616 2.99561 0.618597
0 13.1763 2.99561 0.619286
0 13.1909 2.99561 0.619974
0 13.2056 2.99561 0.620661
0 13.2202 2.99561 0.621347
0 13.2349 2.99561 0.622032
0 13.2495 2.99561 0.622717
0 13.2642 2.99561 0.6234
0 13.2788 2.99561 0.624082
0 13.2935 2.99561 0.624764
0 13.3081 2.99561 0.625444
0 13.3228 2.99561 0.626124
0 13.3374 2.99561 0.626802
0 13.3521 2.99561 0.62748
0 13.3667 2.99561 0.628157
0 13.3813 2.99561 0.628833
0 13.396 2.99561 0.629508
0 13.4106 2.99561 0.630182
0 13.4253 2.99561 0.630855
0 13.4399 2.99561 0.631527
0 13.4546 2.99561 0.632198
0 13.4692 2.99561 0.632869
0 13.4839 2.99561 0.633538
0 13.4985 2.99561 0.634207
0 13.5132 2.99561 0.634874
0 13.5278 2.99561 0.635541
0 13.5425 2.99561 0.636207
0 13.5571 2.99561 0.636872
0 13.5718 2.99561 0.637536
0 13.5864 2.99561 0.638199
0 13.6011 2.99561 0.638862
0 13.6157 2.99561 0.639523
0 13.6304 2.99561 0.640184
0 13.645 2.99561 0.640843
0 13.6597 2.99561 0.641502
0 13.6743 2.99561 0.64216
0 13.689 2.99561 0.642818
0 13.7036 2.99561 0.643474
0 13.7183 2.99561 0.644129
0 13.7329 2.99561 0.644784
0 13.7476 2.99561 0.645437
0 13.7622 2.99561 0.64609
0 13.7769 2.99561 0.646742
0 13.7915 2.99561 0.647393
0 13.8062 2.99561 0.648044
0 13.8208 2.99561 0.648693
0 13.8354 2.99561 0.649342
0 13.8501 2.99561 0.64999
0 13.8647 2.99561 0.650637
0 13.8794 2.99561 0.651283
0 13.894 2.99561 0.651928
0 13.9087 2.99561 0.652572
0 13.9233 2.99561 0.653216
0 13.938 2.99561 0.653859
0 13.9526 2.99561 0.654501
0 13.9673 2.99561 0.655142
0 13.9819 2.99561 0.655782
0 13.9966 2.99561 0.656422
0 14.0112 2.99561 0.657061
0 14.0259 2.99561 0.657699
0 14.0405 2.99561 0.658336
0 14.0552 2.99561 0.658972
0 14.0698 2.99561 0.659608
0 14.0845 2.99561 0.660242
0 14.0991 2.99561 0.660876
0 14.1138 2.99561 0.661509
0 14.1284 2.99561 0.662142
0 14.1431 2.99561 0.662773
0 14.1577 2.99561 0.663404
0 14.1724 2.99561 0.664034
0 14.187 2.99561 0.664663
0 14.2017 2.99561 0.665292
0 14.2163 2.99561 0.66592
0 14.231 2.99561 0.666547
0 14.2456 2.99561 0.667173
0 14.2603 2.99561 0.667798
0 14.2749 2.99561 0.668423
0 14.2896 2.99561 0.669047
0 14.3042 2.99561 0.66967
0 14.3188 2.99561 0.670292
0 14.3335 2.99561 0.670914
0 14.3481 2.99561 0.671534
0 14.3628 2.99561 0.672154
0 14.3774 2.99561 0.672774
0 14.3921 2.99561 0.673392
0 14.4067 2.99561 0.67401
0 14.4214 2.99561 0.674627
0 14.436 2.99561 0.675244
0 14.4507 2.99561 0.675859
0 14.4653 2.99561 0.676474
0 14.48 2.99561 0.677088
0 14.4946 2.99561 0.677702
0 14.5093 2.99561 0.678315
0 14.5239 2.99561 0.678927
0 14.5386 2.99561 0.679538
0 14.5532 2.99561 0.680149
0 14.5679 2.99561 0.680759
0 14.5825 2.99561 0.681368
0 14.5972 2.99561 0.681977
0 14.6118 2.99561 0.682585
0 14.6265 2.99561 0.683192
0 14.6411 2.99561 0.683799
0 14.6558 2.99561 0.684405
0 14.6704 2.99561 0.68501
0 14.6851 2.99561 0.685615
0 14.6997 2.99561 0.686219
0 14.7144 2.99561 0.686822
0 14.729 2.99561 0.687425
0 14.7437 2.99561 0.688027
0 14.7583 2.99561 0.688628
0 14.7729 2.99561 0.689228
0 14.7876 2.99561 0.689828
0 14.8022 2.99561 0.690428
0 14.8169 2.99561 0.691026
0 14.8315 2.99561 0.691624
0 14.8462 2.99561 0.692221
0 14.8608 2.99561 0.692817
0 14.8755 2.99561 0.693413
0 14.8901 2.99561 0.694007
0 14.9048 2.99561 0.694601
0 14.9194 2.99561 0.695194
0 14.9341 2.99561 0.695785
0 14.9487 2.99561 0.696373
0 14.9634 2.99561 0.696963
0 14.978 2.99561 0.697581
0 14.9927 2.99561 0.698285
