0 5.00977 0.0292969 1.03707
0 5.00977 0.0292969 1.03707
0 5.00977 0.0292969 1.03707
0 5.00977 0.0292969 1.03707
0 5.00977 0.0878906 1.03744
0 5.00977 0.0878906 1.03744
0 5.00977 0.0878906 1.03744
0 5.00977 0.0878906 1.03744
0 4.98047 0.175781 1.03787
0 4.98047 0.175781 1.03787
0 4.98047 0.175781 1.03787
0 4.98047 0.175781 1.03787
0 4.98047 0.175781 1.03787
0 4.98047 0.175781 1.03787
0 4.98047 0.175781 1.03787
0 4.98047 0.175781 1.03787
0 5.03906 0.351562 1.03945
0 5.03906 0.351562 1.03945
0 5.03906 0.351562 1.03945
0 5.03906 0.351562 1.03945
0 5.03906 0.351562 1.03945
0 5.03906 0.351562 1.03945
0 5.03906 0.351562 1.03945
0 5.03906 0.351562 1.03945
0 5.03906 0.351562 1.03945
0 5.03906 0.351562 1.03945
0 5.03906 0.351562 1.03945
0 5.03906 0.351562 1.03945
0 5.03906 0.351562 1.03945
0 5.03906 0.351562 1.03945
0 5.03906 0.351562 1.03945
0 5.03906 0.351562 1.03945
0 5.03906 0.585938 1.04132
0 5.03906 0.585938 1.04132
0 5.03906 0.585938 1.04132
0 5.03906 0.585938 1.04132
0 5.03906 0.585938 1.04132
0 5.03906 0.585938 1.04132
0 5.03906 0.585938 1.04132
0 5.03906 0.585938 1.04132
0 5.03906 0.585938 1.04132
0 5.03906 0.585938 1.04132
0 5.03906 0.585938 1.04132
0 5.03906 0.585938 1.04132
0 5.03906 0.585938 1.04132
0 5.03906 0.585938 1.04132
0 5.03906 0.585938 1.04132
0 5.03906 0.585938 1.04132
0 5.03906 0.820312 1.04386
0 5.03906 0.820312 1.04386
0 5.03906 0.820312 1.04386
0 5.03906 0.820312 1.04386
0 5.03906 0.820312 1.04386
0 5.03906 0.820312 1.04386
0 5.03906 0.820312 1.04386
0 5.03906 0.820312 1.04386
0 5.03906 0.820312 1.04386
0 5.03906 0.820312 1.04386
0 5.03906 0.820312 1.04386
0 5.03906 0.820312 1.04386
0 5.03906 0.820312 1.04386
0 5.03906 0.820312 1.04386
0 5.03906 0.820312 1.04386
0 5.03906 0.820312 1.04386
0 5.03906 1.05469 1.04757
0 5.03906 1.05469 1.04757
0 5.03906 1.05469 1.04757
0 5.03906 1.05469 1.04757
0 5.03906 1.05469 1.04757
0 5.03906 1.05469 1.04757
0 5.03906 1.05469 1.04757
0 5.03906 1.05469 1.04757
0 5.03906 1.05469 1.04757
0 5.03906 1.05469 1.04757
0 5.03906 1.05469 1.04757
0 5.03906 1.05469 1.04757
0 5.03906 1.05469 1.04757
0 5.03906 1.05469 1.04757
0 5.03906 1.05469 1.04757
0 5.03906 1.05469 1.04757
0 5.03906 1.28906 1.05198
0 5.03906 1.28906 1.05198
0 5.03906 1.28906 1.05198
0 5.03906 1.28906 1.05198
0 5.03906 1.28906 1.05198
0 5.03906 1.28906 1.05198
0 5.03906 1.28906 1.05198
0 5.03906 1.28906 1.05198
0 5.03906 1.28906 1.05198
0 5.03906 1.28906 1.05198
0 5.03906 1.28906 1.05198
0 5.03906 1.28906 1.05198
0 5.03906 1.28906 1.05198
0 5.03906 1.28906 1.05198
0 5.03906 1.28906 1.05198
0 5.03906 1.28906 1.05198
0 4.98047 1.46484 1.05271
0 4.98047 1.46484 1.05271
0 4.98047 1.46484 1.05271
0 4.98047 1.46484 1.05271
0 4.98047 1.46484 1.05271
0 4.98047 1.46484 1.05271
0 4.98047 1.46484 1.05271
0 4.98047 1.46484 1.05271
0 4.98047 1.58203 1.05547
0 4.98047 1.58203 1.05547
0 4.98047 1.58203 1.05547
0 4.98047 1.58203 1.05547
0 4.98047 1.58203 1.05547
0 4.98047 1.58203 1.05547
0 4.98047 1.58203 1.05547
0 4.98047 1.58203 1.05547
0 4.98047 1.69922 1.05854
0 4.98047 1.69922 1.05854
0 4.98047 1.69922 1.05854
0 4.98047 1.69922 1.05854
0 4.98047 1.69922 1.05854
0 4.98047 1.69922 1.05854
0 4.98047 1.69922 1.05854
0 4.98047 1.69922 1.05854
0 4.98047 1.81641 1.0623
0 4.98047 1.81641 1.0623
0 4.98047 1.81641 1.0623
0 4.98047 1.81641 1.0623
0 4.98047 1.81641 1.0623
0 4.98047 1.81641 1.0623
0 4.98047 1.81641 1.0623
0 4.98047 1.81641 1.0623
0 5.00977 1.9043 1.06974
0 5.00977 1.9043 1.06974
0 5.00977 1.9043 1.06974
0 5.00977 1.9043 1.06974
0 5.00977 1.96289 1.07282
0 5.00977 1.96289 1.07282
0 5.00977 1.96289 1.07282
0 5.00977 1.96289 1.07282
0 4.98047 2.05078 1.07316
0 4.98047 2.05078 1.07316
0 4.98047 2.05078 1.07316
0 4.98047 2.05078 1.07316
0 4.98047 2.05078 1.07316
0 4.98047 2.05078 1.07316
0 4.98047 2.05078 1.07316
0 4.98047 2.05078 1.07316
0 5.00977 2.13867 1.0851
0 5.00977 2.13867 1.0851
0 5.00977 2.13867 1.0851
0 5.00977 2.13867 1.0851
0 5.00977 2.19727 1.09084
0 5.00977 2.19727 1.09084
0 5.00977 2.19727 1.09084
0 5.00977 2.19727 1.09084
0 4.99512 2.24121 1.09194
0 4.99512 2.24121 1.09194
0 4.99512 2.27051 1.0955
0 4.99512 2.27051 1.0955
0 4.99512 2.2998 1.09951
0 4.99512 2.2998 1.09951
0 4.99512 2.3291 1.10403
0 4.99512 2.3291 1.10403
0 4.99512 2.3584 1.10911
0 4.99512 2.3584 1.10911
0 5.00244 2.38037 1.1158
0 5.00244 2.39502 1.11869
0 5.00244 2.40967 1.12163
0 5.00244 2.42432 1.12454
0 5.00244 2.43896 1.12735
0 5.00244 2.45361 1.12993
0 5.00244 2.46826 1.1321
0 5.00244 2.48291 1.13362
0 5.00244 2.49756 1.13414
0 5.00244 2.51221 1.13322
0 5.00244 2.52686 1.13029
0 5.00244 2.5415 1.12461
0 5.00244 2.55615 1.11526
0 5.00244 2.5708 1.10117
0 5.00244 2.58545 1.08106
0 5.00244 2.6001 1.05349
0 5.00244 2.61475 1.01693
0 5.00244 2.62939 0.96986
0 5.00244 2.64404 0.910832
0 5.00244 2.65869 0.838677
0 5.00244 2.67334 0.752636
0 5.00244 2.68799 0.652516
0 5.00244 2.70264 0.538803
0 5.00244 2.71729 0.41268
0 5.00244 2.73193 0.275835
2 5.00244 2.74658 0.130891
1 5.00244 2.76123 0.0410877
1 5.00244 2.77588 0.0156767
1 5.00244 2.79053 0.00901698
1 5.00244 2.80518 0.00776403
1 5.00244 2.81982 0.00802806
1 5.00244 2.83447 0.00867962
1 4.99512 2.85645 0.0103658
1 4.99512 2.85645 0.0103658
1 5.00977 2.90039 0.0106495
1 5.00977 2.90039 0.0106495
1 5.00977 2.90039 0.0106495
1 5.00977 2.90039 0.0106495
1 5.00977 2.95898 0.0119146
1 5.00977 2.95898 0.0119146
1 5.00977 2.95898 0.0119146
1 5.00977 2.95898 0.0119146
1 5.00977 3.01758 0.0120889
1 5.00977 3.01758 0.0120889
1 5.00977 3.01758 0.0120889
1 5.00977 3.01758 0.0120889
1 5.00977 3.07617 0.0111746
1 5.00977 3.07617 0.0111746
1 5.00977 3.07617 0.0111746
1 5.00977 3.07617 0.0111746
1 4.99512 3.12012 0.0111255
1 4.99512 3.12012 0.0111255
1 5.00244 3.14209 0.0094628
1 5.00244 3.15674 0.00869489
1 5.00244 3.17139 0.00788365
1 5.00244 3.18604 0.00718363
1 5.00244 3.20068 0.00716343
1 5.00244 3.21533 0.00984723
1 5.00244 3.22998 0.0223289
2 5.00244 3.24463 0.0695317
0 5.00244 3.25928 0.20534
0 5.00244 3.27393 0.33999
0 5.00244 3.28857 0.468452
0 5.00244 3.30322 0.58748
0 5.00244 3.31787 0.694725
0 5.00244 3.33252 0.788776
0 5.00244 3.34717 0.86912
0 5.00244 3.36182 0.936006
0 5.00244 3.37646 0.990274
0 5.00244 3.39111 1.03316
0 5.00244 3.40576 1.06614
0 5.00244 3.42041 1.09072
0 5.00244 3.43506 1.10842
0 5.00244 3.44971 1.12059
0 5.00244 3.46436 1.12844
0 5.00244 3.479 1.13299
0 5.00244 3.49365 1.13509
0 5.00244 3.5083 1.13539
0 5.00244 3.52295 1.13444
0 5.00244 3.5376 1.13264
0 5.00244 3.55225 1.13027
0 5.00244 3.56689 1.12758
0 5.00244 3.58154 1.12471
0 5.00244 3.59619 1.12177
0 5.00244 3.61084 1.11884
0 5.00244 3.62549 1.11597
0 4.99512 3.64746 1.10938
0 4.99512 3.64746 1.10938
0 4.99512 3.67676 1.10446
0 4.99512 3.67676 1.10446
0 4.99512 3.70605 1.09997
0 4.99512 3.70605 1.09997
0 4.99512 3.73535 1.09599
0 4.99512 3.73535 1.09599
0 5.00977 3.7793 1.09453
0 5.00977 3.7793 1.09453
0 5.00977 3.7793 1.09453
0 5.00977 3.7793 1.09453
0 5.00977 3.83789 1.08818
0 5.00977 3.83789 1.08818
0 5.00977 3.83789 1.08818
0 5.00977 3.83789 1.08818
0 5.00977 3.89648 1.083
0 5.00977 3.89648 1.083
0 5.00977 3.89648 1.083
0 5.00977 3.89648 1.083
0 5.00977 3.95508 1.0786
0 5.00977 3.95508 1.0786
0 5.00977 3.95508 1.0786
0 5.00977 3.95508 1.0786
0 5.00977 4.01367 1.0747
0 5.00977 4.01367 1.0747
0 5.00977 4.01367 1.0747
0 5.00977 4.01367 1.0747
0 5.00977 4.07227 1.07134
0 5.00977 4.07227 1.07134
0 5.00977 4.07227 1.07134
0 5.00977 4.07227 1.07134
0 5.00977 4.13086 1.06847
0 5.00977 4.13086 1.06847
0 5.00977 4.13086 1.06847
0 5.00977 4.13086 1.06847
0 5.00977 4.18945 1.06592
0 5.00977 4.18945 1.06592
0 5.00977 4.18945 1.06592
0 5.00977 4.18945 1.06592
0 4.98047 4.27734 1.05977
0 4.98047 4.27734 1.05977
0 4.98047 4.27734 1.05977
0 4.98047 4.27734 1.05977
0 4.98047 4.27734 1.05977
0 4.98047 4.27734 1.05977
0 4.98047 4.27734 1.05977
0 4.98047 4.27734 1.05977
0 4.98047 4.39453 1.05642
0 4.98047 4.39453 1.05642
0 4.98047 4.39453 1.05642
0 4.98047 4.39453 1.05642
0 4.98047 4.39453 1.05642
0 4.98047 4.39453 1.05642
0 4.98047 4.39453 1.05642
0 4.98047 4.39453 1.05642
0 4.98047 4.51172 1.05361
0 4.98047 4.51172 1.05361
0 4.98047 4.51172 1.05361
0 4.98047 4.51172 1.05361
0 4.98047 4.51172 1.05361
0 4.98047 4.51172 1.05361
0 4.98047 4.51172 1.05361
0 4.98047 4.51172 1.05361
0 4.98047 4.62891 1.05108
0 4.98047 4.62891 1.05108
0 4.98047 4.62891 1.05108
0 4.98047 4.62891 1.05108
0 4.98047 4.62891 1.05108
0 4.98047 4.62891 1.05108
0 4.98047 4.62891 1.05108
0 4.98047 4.62891 1.05108
0 5.03906 4.80469 1.05012
0 5.03906 4.80469 1.05012
0 5.03906 4.80469 1.05012
0 5.03906 4.80469 1.05012
0 5.03906 4.80469 1.05012
0 5.03906 4.80469 1.05012
0 5.03906 4.80469 1.05012
0 5.03906 4.80469 1.05012
0 5.03906 4.80469 1.05012
0 5.03906 4.80469 1.05012
0 5.03906 4.80469 1.05012
0 5.03906 4.80469 1.05012
0 5.03906 4.80469 1.05012
0 5.03906 4.80469 1.05012
0 5.03906 4.80469 1.05012
0 5.03906 4.80469 1.05012
0 5.03906 5.03906 1.04601
0 5.03906 5.03906 1.04601
0 5.03906 5.03906 1.04601
0 5.03906 5.03906 1.04601
0 5.03906 5.03906 1.04601
0 5.03906 5.03906 1.04601
0 5.03906 5.03906 1.04601
0 5.03906 5.03906 1.04601
0 5.03906 5.03906 1.04601
0 5.03906 5.03906 1.04601
0 5.03906 5.03906 1.04601
0 5.03906 5.03906 1.04601
0 5.03906 5.03906 1.04601
0 5.03906 5.03906 1.04601
0 5.03906 5.03906 1.04601
0 5.03906 5.03906 1.04601
0 5.03906 5.27344 1.04304
0 5.03906 5.27344 1.04304
0 5.03906 5.27344 1.04304
0 5.03906 5.27344 1.04304
0 5.03906 5.27344 1.04304
0 5.03906 5.27344 1.04304
0 5.03906 5.27344 1.04304
0 5.03906 5.27344 1.04304
0 5.03906 5.27344 1.04304
0 5.03906 5.27344 1.04304
0 5.03906 5.27344 1.04304
0 5.03906 5.27344 1.04304
0 5.03906 5.27344 1.04304
0 5.03906 5.27344 1.04304
0 5.03906 5.27344 1.04304
0 5.03906 5.27344 1.04304
0 5.03906 5.50781 1.04067
0 5.03906 5.50781 1.04067
0 5.03906 5.50781 1.04067
0 5.03906 5.50781 1.04067
0 5.03906 5.50781 1.04067
0 5.03906 5.50781 1.04067
0 5.03906 5.50781 1.04067
0 5.03906 5.50781 1.04067
0 5.03906 5.50781 1.04067
0 5.03906 5.50781 1.04067
0 5.03906 5.50781 1.04067
0 5.03906 5.50781 1.04067
0 5.03906 5.50781 1.04067
0 5.03906 5.50781 1.04067
0 5.03906 5.50781 1.04067
0 5.03906 5.50781 1.04067
0 4.98047 5.68359 1.03885
0 4.98047 5.68359 1.03885
0 4.98047 5.68359 1.03885
0 4.98047 5.68359 1.03885
0 4.98047 5.68359 1.03885
0 4.98047 5.68359 1.03885
0 4.98047 5.68359 1.03885
0 4.98047 5.68359 1.03885
0 4.98047 5.80078 1.0382
0 4.98047 5.80078 1.0382
0 4.98047 5.80078 1.0382
0 4.98047 5.80078 1.0382
0 4.98047 5.80078 1.0382
0 4.98047 5.80078 1.0382
0 4.98047 5.80078 1.0382
0 4.98047 5.80078 1.0382
0 5.00977 5.88867 1.03767
0 5.00977 5.88867 1.03767
0 5.00977 5.88867 1.03767
0 5.00977 5.88867 1.03767
0 5.00977 5.94727 1.03738
0 5.00977 5.94727 1.03738
0 5.00977 5.94727 1.03738
0 5.00977 5.94727 1.03738
