4.76562 9.99887
4.76401 10

4.76562 9.99887
4.77051 9.99547

4.77539 9.99263
4.77103 9.99512

4.77051 9.99547
4.77103 9.99512

4.78027 9.9899
4.77959 9.99023

4.78027 9.9899
4.78516 9.98756

4.77539 9.99263
4.77959 9.99023

4.80469 9.97937
4.80163 9.98047

4.79004 9.98524
4.78976 9.98535

4.78516 9.98756
4.78976 9.98535

4.79004 9.98524
4.79492 9.98322

4.79492 9.98322
4.7998 9.98122

4.7998 9.98122
4.80163 9.98047

4.80469 9.97937
4.80957 9.97762

4.80957 9.97762
4.81445 9.97589

4.81934 9.97432
4.8153 9.97559

4.81445 9.97589
4.8153 9.97559

4.81934 9.97432
4.82422 9.97279

4.83398 9.96987
4.83097 9.9707

4.82422 9.97279
4.8291 9.97128

4.8291 9.97128
4.83097 9.9707

4.83398 9.96987
4.83887 9.96853

4.83887 9.96853
4.84375 9.9672

4.87305 9.96013
4.86926 9.96094

4.87305 9.96013
4.87793 9.9591

4.87793 9.9591
4.88281 9.95808

4.84375 9.9672
4.84863 9.96587

4.85352 9.96469
4.84883 9.96582

4.84863 9.96587
4.84883 9.96582

4.85352 9.96469
4.8584 9.96351

4.8584 9.96351
4.86328 9.96235

4.86328 9.96235
4.86816 9.96119

4.86816 9.96119
4.86926 9.96094

4.88281 9.95808
4.8877 9.95707

4.8877 9.95707
4.89258 9.95607

4.89746 9.95517
4.89268 9.95605

4.89258 9.95607
4.89268 9.95605

4.89746 9.95517
4.90234 9.95428

4.90234 9.95428
4.90723 9.9534

4.90723 9.9534
4.91211 9.95252

4.92188 9.95084
4.91979 9.95117

4.91211 9.95252
4.91699 9.95166

4.91699 9.95166
4.91979 9.95117

4.92188 9.95084
4.92676 9.95006

4.92676 9.95006
4.93164 9.9493

4.93164 9.9493
4.93652 9.94855

4.93652 9.94855
4.94141 9.9478

4.94141 9.9478
4.94629 9.94707

4.94629 9.94707
4.95117 9.94635

4.95605 9.94568
4.95156 9.94629

4.95117 9.94635
4.95156 9.94629

4.95605 9.94568
4.96094 9.94504

4.96094 9.94504
4.96582 9.9444

4.96582 9.9444
4.9707 9.94377

4.9707 9.94377
4.97559 9.94315

4.97559 9.94315
4.98047 9.94254

4.99023 9.94135
4.98969 9.94141

4.99023 9.94135
4.99512 9.94081

4.99512 9.94081
5 9.94028

4.98047 9.94254
4.98535 9.94193

4.98535 9.94193
4.98969 9.94141

5 9.94028
5.00488 9.93976

5.00488 9.93976
5.00977 9.93924

5.00977 9.93924
5.01465 9.93874

5.01465 9.93874
5.01953 9.93824

5.01953 9.93824
5.02441 9.93776

5.02441 9.93776
5.0293 9.93728

5.0293 9.93728
5.03418 9.93681

5.03906 9.93636
5.03718 9.93652

5.03418 9.93681
5.03718 9.93652

5.03906 9.93636
5.04395 9.93594

5.04395 9.93594
5.04883 9.93553

5.04883 9.93553
5.05371 9.93513

5.05371 9.93513
5.05859 9.93473

5.05859 9.93473
5.06348 9.93434

5.06348 9.93434
5.06836 9.93396

5.06836 9.93396
5.07324 9.93359

5.07324 9.93359
5.07812 9.93323

5.07812 9.93323
5.08301 9.93287

5.08301 9.93287
5.08789 9.93252

5.08789 9.93252
5.09277 9.93217

5.09277 9.93217
5.09766 9.93184

5.10254 9.93152
5.1006 9.93164

5.10254 9.93152
5.10742 9.93122

5.09766 9.93184
5.1006 9.93164

5.10742 9.93122
5.1123 9.93093

5.1123 9.93093
5.11719 9.93065

5.11719 9.93065
5.12207 9.93038

5.12207 9.93038
5.12695 9.93011

5.12695 9.93011
5.13184 9.92985

5.13184 9.92985
5.13672 9.92959

5.13672 9.92959
5.1416 9.92934

5.1416 9.92934
5.14648 9.9291

5.14648 9.9291
5.15137 9.92886

5.15137 9.92886
5.15625 9.92863

5.15625 9.92863
5.16113 9.9284

5.16113 9.9284
5.16602 9.92819

5.16602 9.92819
5.1709 9.92797

5.1709 9.92797
5.17578 9.92777

5.17578 9.92777
5.18066 9.92757

5.18066 9.92757
5.18555 9.92737

5.18555 9.92737
5.19043 9.92718

5.19043 9.92718
5.19531 9.927

5.19531 9.927
5.2002 9.92683

5.20508 9.92666
5.20214 9.92676

5.2002 9.92683
5.20214 9.92676

5.20508 9.92666
5.20996 9.92651

5.20996 9.92651
5.21484 9.92637

5.21484 9.92637
5.21973 9.92622

5.21973 9.92622
5.22461 9.92609

5.22461 9.92609
5.22949 9.92596

5.22949 9.92596
5.23438 9.92583

5.23438 9.92583
5.23926 9.92571

5.23926 9.92571
5.24414 9.9256

5.24414 9.9256
5.24902 9.92549

5.24902 9.92549
5.25391 9.92538

5.25391 9.92538
5.25879 9.92528

5.25879 9.92528
5.26367 9.92519

5.26367 9.92519
5.26855 9.9251

5.26855 9.9251
5.27344 9.92501

5.27344 9.92501
5.27832 9.92493

5.27832 9.92493
5.2832 9.92485

5.2832 9.92485
5.28809 9.92478

5.28809 9.92478
5.29297 9.92471

5.29297 9.92471
5.29785 9.92465

5.29785 9.92465
5.30273 9.92459

5.30273 9.92459
5.30762 9.92454

5.30762 9.92454
5.3125 9.92449

5.3125 9.92449
5.31738 9.92444

5.31738 9.92444
5.32227 9.9244

5.32227 9.9244
5.32715 9.92436

5.32715 9.92436
5.33203 9.92433

5.33203 9.92433
5.33691 9.9243

5.33691 9.9243
5.3418 9.92428

5.3418 9.92428
5.34668 9.92426

5.34668 9.92426
5.35156 9.92424

5.35156 9.92424
5.35645 9.92423

5.35645 9.92423
5.36133 9.92422

5.36133 9.92422
5.36621 9.92421

5.36621 9.92421
5.37109 9.92421

5.37109 9.92421
5.37598 9.92422

5.37598 9.92422
5.38086 9.92422

5.38086 9.92422
5.38574 9.92423

5.38574 9.92423
5.39062 9.92425

5.39062 9.92425
5.39551 9.92427

5.39551 9.92427
5.40039 9.92429

5.40039 9.92429
5.40527 9.92432

5.40527 9.92432
5.41016 9.92435

5.41016 9.92435
5.41504 9.92438

5.41504 9.92438
5.41992 9.92442

5.41992 9.92442
5.4248 9.92446

5.4248 9.92446
5.42969 9.9245

5.42969 9.9245
5.43457 9.92455

5.43457 9.92455
5.43945 9.9246

5.43945 9.9246
5.44434 9.92465

5.44434 9.92465
5.44922 9.92471

5.44922 9.92471
5.4541 9.92477

5.4541 9.92477
5.45898 9.92483

5.45898 9.92483
5.46387 9.9249

5.46387 9.9249
5.46875 9.92497

5.43945 9.99918
5.43528 10

5.43945 9.99918
5.44434 9.99824

5.44434 9.99824
5.44922 9.99732

5.44922 9.99732
5.4541 9.99641

5.4541 9.99641
5.45898 9.99553

5.46387 9.9946
5.46131 9.99512

5.45898 9.99553
5.46131 9.99512

5.46387 9.9946
5.46875 9.99363

5.46875 9.92497
5.47363 9.92505

5.47363 9.92505
5.47852 9.92512

5.47852 9.92512
5.4834 9.9252

5.4834 9.9252
5.48828 9.92529

5.48828 9.92529
5.49316 9.92537

5.49316 9.92537
5.49805 9.92546

5.49805 9.92546
5.50293 9.92555

5.50293 9.92555
5.50781 9.92565

5.46875 9.99363
5.47363 9.99268

5.47363 9.99268
5.47852 9.99175

5.48828 9.98993
5.4868 9.99023

5.47852 9.99175
5.4834 9.99085

5.4834 9.99085
5.4868 9.99023

5.48828 9.98993
5.49316 9.98893

5.49316 9.98893
5.49805 9.98795

5.49805 9.98795
5.50293 9.98701

5.50293 9.98701
5.50781 9.98609

5.50781 9.92565
5.5127 9.92574

5.5127 9.92574
5.51758 9.92585

5.51758 9.92585
5.52246 9.92595

5.52246 9.92595
5.52734 9.92605

5.52734 9.92605
5.53223 9.92616

5.53223 9.92616
5.53711 9.92627

5.53711 9.92627
5.54199 9.92639

5.54199 9.92639
5.54688 9.9265

5.5127 9.98516
5.5118 9.98535

5.50781 9.98609
5.5118 9.98535

5.5127 9.98516
5.51758 9.98413

5.51758 9.98413
5.52246 9.98314

5.52246 9.98314
5.52734 9.98217

5.53711 9.9803
5.53634 9.98047

5.53711 9.9803
5.54199 9.97925

5.54199 9.97925
5.54688 9.97823

5.52734 9.98217
5.53223 9.98124

5.53223 9.98124
5.53634 9.98047

5.54688 9.9265
5.55176 9.92662

5.55176 9.92662
5.55664 9.92674

5.55664 9.92674
5.55743 9.92676

5.55743 9.92676
5.56152 9.92688

5.56152 9.92688
5.56641 9.92704

5.56641 9.92704
5.57129 9.92719

5.57129 9.92719
5.57617 9.92735

5.57617 9.92735
5.58105 9.92751

5.58105 9.92751
5.58594 9.92768

5.54688 9.97823
5.55176 9.97725

5.55176 9.97725
5.55664 9.9763

5.56152 9.97534
5.56044 9.97559

5.55664 9.9763
5.56044 9.97559

5.56152 9.97534
5.56641 9.97426

5.56641 9.97426
5.57129 9.97323

5.57129 9.97323
5.57617 9.97224

5.58594 9.97028
5.58413 9.9707

5.57617 9.97224
5.58105 9.97128

5.58105 9.97128
5.58413 9.9707

5.58594 9.92768
5.59082 9.92785

5.59082 9.92785
5.5957 9.92802

5.5957 9.92802
5.60059 9.92819

5.60059 9.92819
5.60547 9.92837

5.60547 9.92837
5.61035 9.92855

5.61035 9.92855
5.61523 9.92873

5.61523 9.92873
5.62012 9.92892

5.62012 9.92892
5.625 9.92911

5.58594 9.97028
5.59082 9.96918

5.59082 9.96918
5.5957 9.96814

5.5957 9.96814
5.60059 9.96714

5.60059 9.96714
5.60547 9.96619

5.61035 9.96512
5.60741 9.96582

5.60547 9.96619
5.60741 9.96582

5.61035 9.96512
5.61523 9.964

5.61523 9.964
5.62012 9.96295

5.62012 9.96295
5.625 9.96196

5.625 9.92911
5.62988 9.9293

5.62988 9.9293
5.63477 9.92949

5.63477 9.92949
5.63965 9.92968

5.63965 9.92968
5.64453 9.92987

5.63477 9.95984
5.6303 9.96094

5.63477 9.95984
5.63965 9.95872

5.63965 9.95872
5.64453 9.95767

5.64453 9.92987
5.64941 9.93007

5.64941 9.93007
5.6543 9.93026

5.6543 9.93026
5.65918 9.93046

5.65918 9.93046
5.66406 9.93066

5.64453 9.95767
5.64941 9.95669

5.6543 9.95566
5.65281 9.95605

5.64941 9.95669
5.65281 9.95605

5.6543 9.95566
5.65918 9.95444

5.65918 9.95444
5.66406 9.95332

5.625 9.96196
5.62988 9.96101

5.62988 9.96101
5.6303 9.96094

5.66406 9.93066
5.66895 9.93085

5.66895 9.93085
5.67383 9.93104

5.67383 9.93104
5.67871 9.93123

5.67871 9.93123
5.68359 9.93142

5.66406 9.95332
5.66895 9.9523

5.66895 9.9523
5.67383 9.95137

5.67871 9.95012
5.67494 9.95117

5.67871 9.95012
5.68359 9.9489

5.67383 9.95137
5.67494 9.95117

5.68359 9.93142
5.68848 9.9316

5.68848 9.9316
5.6897 9.93164

5.6897 9.93164
5.69336 9.93189

5.69336 9.93189
5.69824 9.93224

5.69824 9.93224
5.70312 9.9326

5.68359 9.9489
5.68848 9.94783

5.68848 9.94783
5.69336 9.94687

5.69824 9.94577
5.6967 9.94629

5.69336 9.94687
5.6967 9.94629

5.69824 9.94577
5.70312 9.94436

5.70312 9.9326
5.70801 9.93298

5.70801 9.93298
5.71289 9.93337

5.71289 9.93337
5.71777 9.9338

5.71777 9.9338
5.72266 9.93426

5.72266 9.93941
5.71809 9.94141

5.70312 9.94436
5.70801 9.9432

5.70801 9.9432
5.71289 9.94224

5.71289 9.94224
5.71777 9.94145

5.71777 9.94145
5.71809 9.94141

5.72266 9.93426
5.72754 9.93478

5.72266 9.93941
5.72754 9.93808

5.72754 9.93478
5.73242 9.93539

5.72754 9.93808
5.73242 9.93722

5.73242 9.93539
5.7373 9.93616

5.73242 9.93722
5.7373 9.93667

5.7373 9.93616
5.73924 9.93652

5.7373 9.93667
5.73924 9.93652

4.75586 10.0081
4.7545 10.0098

4.75098 10.0192
4.75092 10.0195

4.7545 10.0098
4.75197 10.0146

4.75098 10.0192
4.75197 10.0146

4.76074 10.0029
4.75851 10.0049

4.75586 10.0081
4.75851 10.0049

4.76074 10.0029
4.76401 10

4.75092 10.0195
4.75098 10.0201

4.75098 10.0201
4.75143 10.0244

4.75143 10.0244
4.75362 10.0293

4.75362 10.0293
4.75586 10.0321

4.75586 10.0321
4.75771 10.0342

4.75771 10.0342
4.76074 10.0365

4.76074 10.0365
4.76424 10.0391

4.76424 10.0391
4.76562 10.0398

4.76562 10.0398
4.77051 10.0423

4.77051 10.0423
4.77386 10.0439

4.77386 10.0439
4.77539 10.0445

4.77539 10.0445
4.78027 10.0463

4.78027 10.0463
4.78516 10.048

4.78516 10.048
4.78773 10.0488

4.78773 10.0488
4.79004 10.0495

4.79004 10.0495
4.79492 10.0507

4.79492 10.0507
4.7998 10.0519

4.7998 10.0519
4.80469 10.053

4.80469 10.053
4.80819 10.0537

4.80819 10.0537
4.80957 10.054

4.80957 10.054
4.81445 10.0548

4.81445 10.0548
4.81934 10.0556

4.81934 10.0556
4.82422 10.0563

4.82422 10.0563
4.8291 10.057

4.8291 10.057
4.83398 10.0576

4.83398 10.0576
4.83887 10.0582

4.83887 10.0582
4.84229 10.0586

4.84229 10.0586
4.84375 10.0587

4.84375 10.0587
4.84863 10.0592

4.84863 10.0592
4.85352 10.0596

4.85352 10.0596
4.8584 10.06

4.8584 10.06
4.86328 10.0603

4.86328 10.0603
4.86816 10.0606

4.86816 10.0606
4.87305 10.0609

4.87305 10.0609
4.87793 10.0611

4.87793 10.0611
4.88281 10.0613

4.88281 10.0613
4.8877 10.0615

4.8877 10.0615
4.89258 10.0617

4.89258 10.0617
4.89746 10.0618

4.89746 10.0618
4.90234 10.0619

4.90234 10.0619
4.90723 10.0619

4.90723 10.0619
4.91211 10.062

4.91211 10.062
4.91699 10.062

4.91699 10.062
4.92188 10.062

4.92188 10.062
4.92676 10.062

4.92676 10.062
4.93164 10.062

4.93164 10.062
4.93652 10.0619

4.93652 10.0619
4.94141 10.0618

4.94141 10.0618
4.94629 10.0617

4.94629 10.0617
4.95117 10.0616

4.95117 10.0616
4.95605 10.0614

4.95605 10.0614
4.96094 10.0613

4.96094 10.0613
4.96582 10.0611

4.96582 10.0611
4.9707 10.0609

4.9707 10.0609
4.97559 10.0607

4.97559 10.0607
4.98047 10.0605

4.98047 10.0605
4.98535 10.0603

4.98535 10.0603
4.99023 10.06

4.99023 10.06
4.99512 10.0597

4.99512 10.0597
5 10.0595

5.01465 10.0586
5.01424 10.0586

5.01465 10.0586
5.01953 10.0582

5 10.0595
5.00488 10.0592

5.00488 10.0592
5.00977 10.0589

5.00977 10.0589
5.01424 10.0586

5.01953 10.0582
5.02441 10.0579

5.02441 10.0579
5.0293 10.0575

5.0293 10.0575
5.03418 10.0571

5.03418 10.0571
5.03906 10.0567

5.03906 10.0567
5.04395 10.0563

5.04395 10.0563
5.04883 10.0559

5.04883 10.0559
5.05371 10.0555

5.05371 10.0555
5.05859 10.0551

5.05859 10.0551
5.06348 10.0546

5.06348 10.0546
5.06836 10.0542

5.06836 10.0542
5.07324 10.0537

5.07812 10.0533
5.07365 10.0537

5.07324 10.0537
5.07365 10.0537

5.07812 10.0533
5.08301 10.0528

5.08301 10.0528
5.08789 10.0523

5.08789 10.0523
5.09277 10.0518

5.09277 10.0518
5.09766 10.0512

5.09766 10.0512
5.10254 10.0507

5.10254 10.0507
5.10742 10.0502

5.10742 10.0502
5.1123 10.0497

5.1123 10.0497
5.11719 10.0491

5.12207 10.0486
5.12005 10.0488

5.12207 10.0486
5.12695 10.048

5.11719 10.0491
5.12005 10.0488

5.12695 10.048
5.13184 10.0474

5.13184 10.0474
5.13672 10.0468

5.13672 10.0468
5.1416 10.0462

5.1416 10.0462
5.14648 10.0457

5.14648 10.0457
5.15137 10.0451

5.15137 10.0451
5.15625 10.0445

5.16113 10.0439
5.16048 10.0439

5.15625 10.0445
5.16048 10.0439

5.16113 10.0439
5.16602 10.0432

5.16602 10.0432
5.1709 10.0426

5.1709 10.0426
5.17578 10.0419

5.17578 10.0419
5.18066 10.0413

5.18066 10.0413
5.18555 10.0406

5.18555 10.0406
5.19043 10.04

5.19043 10.04
5.19531 10.0393

5.2002 10.0386
5.19725 10.0391

5.2002 10.0386
5.20508 10.0379

5.20508 10.0379
5.20996 10.0372

5.20996 10.0372
5.21484 10.0365

5.21484 10.0365
5.21973 10.0358

5.21973 10.0358
5.22461 10.0352

5.22461 10.0352
5.22949 10.0345

5.23438 10.0337
5.23152 10.0342

5.22949 10.0345
5.23152 10.0342

5.19531 10.0393
5.19725 10.0391

5.23438 10.0337
5.23926 10.033

5.23926 10.033
5.24414 10.0323

5.24414 10.0323
5.24902 10.0315

5.24902 10.0315
5.25391 10.0308

5.25391 10.0308
5.25879 10.0301

5.25879 10.0301
5.26367 10.0293

5.26855 10.0286
5.26393 10.0293

5.26855 10.0286
5.27344 10.0278

5.26367 10.0293
5.26393 10.0293

5.27344 10.0278
5.27832 10.027

5.27832 10.027
5.2832 10.0262

5.2832 10.0262
5.28809 10.0255

5.28809 10.0255
5.29297 10.0247

5.29785 10.0239
5.29488 10.0244

5.29297 10.0247
5.29488 10.0244

5.29785 10.0239
5.30273 10.0231

5.30273 10.0231
5.30762 10.0223

5.30762 10.0223
5.3125 10.0215

5.32715 10.0191
5.32466 10.0195

5.32715 10.0191
5.33203 10.0182

5.3125 10.0215
5.31738 10.0207

5.31738 10.0207
5.32227 10.0199

5.32227 10.0199
5.32466 10.0195

5.33203 10.0182
5.33691 10.0174

5.33691 10.0174
5.3418 10.0166

5.3418 10.0166
5.34668 10.0158

5.34668 10.0158
5.35156 10.015

5.35645 10.0141
5.35347 10.0146

5.35156 10.015
5.35347 10.0146

5.35645 10.0141
5.36133 10.0132

5.36133 10.0132
5.36621 10.0124

5.36621 10.0124
5.37109 10.0115

5.37109 10.0115
5.37598 10.0107

5.37598 10.0107
5.38086 10.0099

5.38574 10.009
5.38144 10.0098

5.38574 10.009
5.39062 10.0081

5.38086 10.0099
5.38144 10.0098

5.39062 10.0081
5.39551 10.0072

5.39551 10.0072
5.40039 10.0063

5.40039 10.0063
5.40527 10.0055

5.41016 10.0046
5.40868 10.0049

5.40527 10.0055
5.40868 10.0049

5.41016 10.0046
5.41504 10.0037

5.41504 10.0037
5.41992 10.0028

5.41992 10.0028
5.4248 10.0019

5.4248 10.0019
5.42969 10.001

5.42969 10.001
5.43457 10.0001

5.43457 10.0001
5.43528 10

